<?xml version="1.0"?>
<opencv_storage>
<Pmats0 type_id="opencv-matrix">
  <rows>3</rows>
  <cols>4</cols>
  <dt>d</dt>
  <data>
    9.9981820416555656e-001 2.2775771608322115e-003
    -1.8930696274516462e-002 2.5983919803614181e-001
    -1.4432703705477903e-003 9.9903185252377213e-001
    4.3969018792296727e-002 2.1233761713042340e-001
    1.9012511401680476e-002 -4.3933703294808751e-002
    9.9885351985413995e-001 -9.4201715882212489e-001</data></Pmats0>
<Pmats1 type_id="opencv-matrix">
  <rows>3</rows>
  <cols>4</cols>
  <dt>d</dt>
  <data>
    1. 0. 0. 0. 0. 1. 0. 0. 0. 0. 1. 0.</data></Pmats1>
</opencv_storage>
