9
0.999476  -0.00849428  0.0312477  0.186849  0.00852527  0.999963  -0.000858395  -0.190712  -0.0312393  0.00112434  0.999511  -0.963699  
1  0  0  0  0  1  0  0  0  0  1  0  
0.999556  0.00125895  -0.0297655  -0.28151  -0.00138179  0.999991  -0.00410674  0.250641  0.02976  0.00414605  0.999548  2.15686  
0.998016  0.00413242  -0.0628277  -0.213165  -0.00462653  0.999959  -0.00772113  0.146718  0.0627933  0.00799648  0.997995  1.52165  
0.993889  0.0144443  -0.109433  -0.336688  -0.0150297  0.999877  -0.00452601  -0.278521  0.109355  0.0061431  0.993984  0.282061  
0.989919  0.0156477  -0.140766  -0.433708  -0.0172518  0.999799  -0.0101818  -0.283465  0.140579  0.0125076  0.98999  0.489185  
0.981443  0.000197718  -0.191753  -0.528155  -0.00544005  0.999626  -0.0268129  0.142193  0.191676  0.0273584  0.981077  2.0217  
0.971949  -0.00720351  -0.235081  -0.200473  0.000169372  0.999552  -0.0299287  0.0491033  0.235191  0.0290494  0.971515  0.89074  
0.963114  -0.0116558  -0.268841  -0.422157  0.00202494  0.999347  -0.0360733  0.109899  0.269086  0.0341983  0.962509  1.48301  
