<?xml version="1.0"?>
<opencv_storage>
<Pmats0 type_id="opencv-matrix">
  <rows>3</rows>
  <cols>4</cols>
  <dt>d</dt>
  <data>
    9.9947557608509796e-001 -8.4942842972807464e-003
    3.1247719014968645e-002 1.8684936242191399e-001
    8.5252662130695447e-003 9.9996329082337299e-001
    -8.5839483117114423e-004 -1.9071201828285297e-001
    -3.1239280487196791e-002 1.1243397915470521e-003
    9.9951130219456519e-001 -9.6369924864814804e-001</data></Pmats0>
<Pmats1 type_id="opencv-matrix">
  <rows>3</rows>
  <cols>4</cols>
  <dt>d</dt>
  <data>
    1. 0. 0. 0. 0. 1. 0. 0. 0. 0. 1. 0.</data></Pmats1>
<Pmats2 type_id="opencv-matrix">
  <rows>3</rows>
  <cols>4</cols>
  <dt>d</dt>
  <data>
    9.9955611796878652e-001 1.2589474705813836e-003
    -2.9765451154578217e-002 -2.8150967753689660e-001
    -1.3817880042039541e-003 9.9999061262575262e-001
    -4.1067410781986564e-003 2.5064128276875230e-001
    2.9760001563855859e-002 4.1460477129723131e-003
    9.9954847435993877e-001 2.1568575705891959e+000</data></Pmats2>
<Pmats3 type_id="opencv-matrix">
  <rows>3</rows>
  <cols>4</cols>
  <dt>d</dt>
  <data>
    9.9801583018008699e-001 4.1324174545148947e-003
    -6.2827747340911497e-002 -2.1316525356067118e-001
    -4.6265309654909938e-003 9.9995948887408082e-001
    -7.7211282797568365e-003 1.4671808076039916e-001
    6.2793295192855939e-002 7.9964827686132382e-003
    9.9799451819243679e-001 1.5216496486339679e+000</data></Pmats3>
<Pmats4 type_id="opencv-matrix">
  <rows>3</rows>
  <cols>4</cols>
  <dt>d</dt>
  <data>
    9.8991918066122175e-001 1.5647738012106057e-002
    -1.4076634560192272e-001 -4.3370836824843462e-001
    -1.7251765671724390e-002 9.9979933356458528e-001
    -1.0181806569512565e-002 -2.8346543676770786e-001
    1.4057877627943474e-001 1.2507633625732264e-002
    9.8999048821736724e-001 4.8918522677188037e-001</data></Pmats4>
</opencv_storage>
