hello world
IMG_20140810_170744.jpg
IMG_20140810_170746.jpg
IMG_20140810_170748.jpg
IMG_20140810_170749.jpg
IMG_20140810_170752.jpg
IMG_20140810_170754.jpg
IMG_20140810_170756.jpg
IMG_20140810_170757.jpg
IMG_20140810_170759.jpg
IMG_20140810_170801.jpg
num is : 5000
before retain keypoints is: 43691
after retain keypoints is: 5115
keyframe 1 end
num is : 5000
before retain keypoints is: 49083
after retain keypoints is: 5017
keyframe 2 end
begin match
[32 x 4944]  [32 x 5018]0
[32 x 4944]  [32 x 5018]3004
end match
begin elliminate
end elliminate    3004  3004
after swap matches3004  3004
keypoints_1.size() 4944 imgpts1_good.size() 3004
keypoints_2.size() 5018 imgpts2_good.size() 3004
out  match3004
=========================== Baseline triangulation ===========================
Find camera matrices...
before fundamentalMat 3004
F keeping 2173 / 3004
3004 matches before, 2173 new matches after Fundamental Matrix
after fundamentalMat 2173
K
[2560, 0, 720;
  0, 2560, 1280;
  0, 0, 1]
F
[-1.203877705207093e-008, 1.102336077153795e-006, -0.005759769743946238;
  -1.051128106018808e-006, 2.678039181417487e-008, -0.001973255457355383;
  0.00555713033210245, 0.001670220117296672, 1]
det(F)
-4.23412e-021
E
[-0.07889732928845206, 7.22426971523511, -11.15506556074719;
  -6.888673155604863, 0.1755079757933764, -6.90121930794696;
  10.75972719851746, 6.395343345586044, 0.551043746319877]
----------------------- SVD ------------------------
U:
[-0.7712693739572321, -0.4560661765586811, -0.4440126072475479;
  -0.5956360744536662, 0.2711944634621255, 0.7560894324065882;
  0.2244130557811778, -0.847618549576775, 0.4808134511516064]
W:
[15.03582451277826;
  14.23527346165296;
  8.496306712376592e-010]
Vt:
[0.4375294873098792, -0.2820728797245048, 0.8538166303476872;
  -0.769379809137037, -0.6089071593958665, 0.193097852211549;
  0.4654273917880321, -0.7413952803736895, -0.4834360156349624]
----------------------------------------------------
singular value ratio: 0.946757
det(R) == -1 [-1]: flip E's sign
----------------------- SVD ------------------------
U:
[0.7712693739572321, 0.4560661765586811, 0.4440126072475479;
  0.5956360744536662, -0.2711944634621255, -0.7560894324065882;
  -0.2244130557811778, 0.847618549576775, -0.4808134511516064]
W:
[15.03582451277826;
  14.23527346165296;
  8.496306712376592e-010]
Vt:
[0.4375294873098792, -0.2820728797245048, 0.8538166303476872;
  -0.769379809137037, -0.6089071593958665, 0.193097852211549;
  0.4654273917880321, -0.7413952803736895, -0.4834360156349624]
----------------------------------------------------
singular value ratio: 0.946757
P
[1, 0, 0, 0;
  0, 1, 0, 0;
  0, 0, 1, 0]
Testing P1 
[0.9995971138497839, 0.01179869241872611, 0.02581474075775292, 0.4440126072475479;
  -0.01228993776505788, 0.9997448101300566, 0.01895447302743902, -0.7560894324065882;
  -0.02558451510020651, -0.01926409809010549, 0.9994870319878402, -0.4808134511516064]
test branch 1
Triangulating...Done. (2173points, 0.205492s, mean reproj err = 8.70787)
Triangulating...Done. (2173points, 0.202202s, mean reproj err = 8.5038)
2159/2173 = 99.3557% are in front of camera
2159/2173 = 99.3557% are in front of camera
Done. (0.492513s)
begin triangulation
p query index 1
[1, 0, 0, 0;
  0, 1, 0, 0;
  0, 0, 1, 0]
p train index 0
[0.9995971138497839, 0.01179869241872611, 0.02581474075775292, 0.4440126072475479;
  -0.01228993776505788, 0.9997448101300566, 0.01895447302743902, -0.7560894324065882;
  -0.02558451510020651, -0.01926409809010549, 0.9994870319878402, -0.4808134511516064]
getalign
triangulate points
Triangulating...Done. (2173points, 0.204612s, mean reproj err = 8.70787)
triangulation reproj error 8.70787
test triangulate
2159/2173 = 99.3557% are in front of camera
2159/2173 = 99.3557% are in front of camera
filtered out 283 high-error points
my work begins
0/1890 points were found in other views, adding 1890 new
 after 1890
after init map size: 1890
befin track 2 map
num is : 50000
before retain keypoints is: 44410
after retain keypoints is: 44410
begin match
[32 x 42268]  [32 x 4944]0
[32 x 42268]  [32 x 4944]4148
end match
begin elliminate
end elliminate    4148  4148
after swap matches4148  4148
keypoints_1.size() 42268 imgpts1_good.size() 4148
keypoints_2.size() 4944 imgpts2_good.size() 4148
-----------------------------------------------------------------
find 2d 3d correspondences
query frame keypoints: 42268
train frame keypoints: 4944
match size: 4148
-----------------------------------------------------------------
found 1698 3d-2d point correspondences
solve PnP Racsac time: 10.9488
-------------------------------------------------------------------------
find pose estimation
3d point: 1698
2d point: 1698
inliers size: 548
projected point: 0
--------------------------------------------------------------------------
(548/1698)
found t = [0.1522237650571328;
  -0.5678610104562809;
  -1.016215548927875]
R = 
[0.9989831682960932, -0.002121154703529601, -0.04503476616818619;
  0.003417575089235267, 0.9995813759555718, 0.02872965407510651;
  0.0449549734913608, -0.02885435054700659, 0.9985722191273406]
frame pose [0.9989831682960932, -0.002121154703529601, -0.04503476616818619, 0.1522237650571328;
  0.003417575089235267, 0.9995813759555718, 0.02872965407510651, -0.5678610104562809;
  0.0449549734913608, -0.02885435054700659, 0.9985722191273406, -1.016215548927875]
next to triangulate ,inliers size: 548
before inliers match size: 4148
after inliers match size: 548
begin triangulation
p query index 2
[0.9989831682960932, -0.002121154703529601, -0.04503476616818619, 0.1522237650571328;
  0.003417575089235267, 0.9995813759555718, 0.02872965407510651, -0.5678610104562809;
  0.0449549734913608, -0.02885435054700659, 0.9985722191273406, -1.016215548927875]
p train index 1
[1, 0, 0, 0;
  0, 1, 0, 0;
  0, 0, 1, 0]
getalign
triangulate points
Triangulating...Done. (548points, 0.0511485s, mean reproj err = 303.807)
triangulation reproj error 303.807
test triangulate
497/548 = 90.6934% are in front of camera
530/548 = 96.7153% are in front of camera
filtered out 122 high-error points
my work begins
158/426 points were found in other views, adding 268 new
before triangulation: 2158 after 2158
after 2 map size: 2158
befin track 3 map
num is : 50000
before retain keypoints is: 43886
after retain keypoints is: 43886
begin match
[32 x 40968]  [32 x 42268]0
[32 x 40968]  [32 x 42268]23627
end match
begin elliminate
end elliminate    23627  23627
after swap matches23627  23627
keypoints_1.size() 40968 imgpts1_good.size() 23627
keypoints_2.size() 42268 imgpts2_good.size() 23627
-----------------------------------------------------------------
find 2d 3d correspondences
query frame keypoints: 40968
train frame keypoints: 42268
match size: 23627
-----------------------------------------------------------------
found 337 3d-2d point correspondences
solve PnP Racsac time: 3.69342
-------------------------------------------------------------------------
find pose estimation
3d point: 337
2d point: 337
inliers size: 298
projected point: 0
--------------------------------------------------------------------------
(298/337)
found t = [-0.2170061093115583;
  -0.2809405021310997;
  -1.66873801441044]
R = 
[0.9967266177470637, 0.005595656078692937, -0.08065195662566227;
  -0.003661960533979281, 0.9997027540714712, 0.024103807727476;
  0.08076285977815731, -0.02372956246888132, 0.996450835889804]
frame pose [0.9967266177470637, 0.005595656078692937, -0.08065195662566227, -0.2170061093115583;
  -0.003661960533979281, 0.9997027540714712, 0.024103807727476, -0.2809405021310997;
  0.08076285977815731, -0.02372956246888132, 0.996450835889804, -1.66873801441044]
next to triangulate ,inliers size: 298
before inliers match size: 23627
after inliers match size: 298
begin triangulation
p query index 3
[0.9967266177470637, 0.005595656078692937, -0.08065195662566227, -0.2170061093115583;
  -0.003661960533979281, 0.9997027540714712, 0.024103807727476, -0.2809405021310997;
  0.08076285977815731, -0.02372956246888132, 0.996450835889804, -1.66873801441044]
p train index 2
[0.9989831682960932, -0.002121154703529601, -0.04503476616818619, 0.1522237650571328;
  0.003417575089235267, 0.9995813759555718, 0.02872965407510651, -0.5678610104562809;
  0.0449549734913608, -0.02885435054700659, 0.9985722191273406, -1.016215548927875]
getalign
triangulate points
Triangulating...Done. (298points, 0.0280906s, mean reproj err = 3157.18)
triangulation reproj error 3157.18
test triangulate
111/298 = 37.2483% are in front of camera
Triangulation did not succeed
after 3 map size: 2158
befin track 4 map
num is : 50000
before retain keypoints is: 44816
after retain keypoints is: 44816
begin match
[32 x 41386]  [32 x 42268]0
[32 x 41386]  [32 x 42268]22444
end match
begin elliminate
end elliminate    22444  22444
after swap matches22444  22444
keypoints_1.size() 41386 imgpts1_good.size() 22444
keypoints_2.size() 42268 imgpts2_good.size() 22444
-----------------------------------------------------------------
find 2d 3d correspondences
query frame keypoints: 41386
train frame keypoints: 42268
match size: 22444
-----------------------------------------------------------------
found 317 3d-2d point correspondences
solve PnP Racsac time: 1.27711
-------------------------------------------------------------------------
find pose estimation
3d point: 317
2d point: 317
inliers size: 160
projected point: 0
--------------------------------------------------------------------------
(160/317)
found t = [0.03965967957103489;
  -0.5500439739198899;
  -2.453048454610535]
R = 
[0.9902018259921243, 0.003795068559049502, -0.1395920529847416;
  0.002058006320187495, 0.9991254831478855, 0.0417616275364178;
  0.1396284656216233, -0.04163972117025443, 0.9893280675332196]
frame pose [0.9902018259921243, 0.003795068559049502, -0.1395920529847416, 0.03965967957103489;
  0.002058006320187495, 0.9991254831478855, 0.0417616275364178, -0.5500439739198899;
  0.1396284656216233, -0.04163972117025443, 0.9893280675332196, -2.453048454610535]
next to triangulate ,inliers size: 160
before inliers match size: 22444
after inliers match size: 160
begin triangulation
p query index 3
[0.9902018259921243, 0.003795068559049502, -0.1395920529847416, 0.03965967957103489;
  0.002058006320187495, 0.9991254831478855, 0.0417616275364178, -0.5500439739198899;
  0.1396284656216233, -0.04163972117025443, 0.9893280675332196, -2.453048454610535]
p train index 2
[0.9989831682960932, -0.002121154703529601, -0.04503476616818619, 0.1522237650571328;
  0.003417575089235267, 0.9995813759555718, 0.02872965407510651, -0.5678610104562809;
  0.0449549734913608, -0.02885435054700659, 0.9985722191273406, -1.016215548927875]
getalign
triangulate points
Triangulating...Done. (160points, 0.0153051s, mean reproj err = 1040.68)
triangulation reproj error 1040.68
test triangulate
66/160 = 41.25% are in front of camera
Triangulation did not succeed
after 4 map size: 2158
befin track 5 map
num is : 50000
before retain keypoints is: 48432
after retain keypoints is: 48432
begin match
[32 x 44416]  [32 x 42268]0
[32 x 44416]  [32 x 42268]22371
end match
begin elliminate
end elliminate    22371  22371
after swap matches22371  22371
keypoints_1.size() 44416 imgpts1_good.size() 22371
keypoints_2.size() 42268 imgpts2_good.size() 22371
-----------------------------------------------------------------
find 2d 3d correspondences
query frame keypoints: 44416
train frame keypoints: 42268
match size: 22371
-----------------------------------------------------------------
found 299 3d-2d point correspondences
solve PnP Racsac time: 2.31336
-------------------------------------------------------------------------
find pose estimation
3d point: 299
2d point: 299
inliers size: 76
projected point: 0
--------------------------------------------------------------------------
(76/299)
found t = [-0.3586904092283196;
  -1.792838097077388;
  -2.88925293695597]
R = 
[0.9817417822636729, 0.005779194364478836, -0.1901306757739122;
  0.01130120822354967, 0.9960006603395555, 0.08862825337248499;
  0.1898824785240464, -0.089158765781425, 0.9777501515386731]
frame pose [0.9817417822636729, 0.005779194364478836, -0.1901306757739122, -0.3586904092283196;
  0.01130120822354967, 0.9960006603395555, 0.08862825337248499, -1.792838097077388;
  0.1898824785240464, -0.089158765781425, 0.9777501515386731, -2.88925293695597]
next to triangulate ,inliers size: 76
before inliers match size: 22371
after inliers match size: 76
begin triangulation
p query index 3
[0.9817417822636729, 0.005779194364478836, -0.1901306757739122, -0.3586904092283196;
  0.01130120822354967, 0.9960006603395555, 0.08862825337248499, -1.792838097077388;
  0.1898824785240464, -0.089158765781425, 0.9777501515386731, -2.88925293695597]
p train index 2
[0.9989831682960932, -0.002121154703529601, -0.04503476616818619, 0.1522237650571328;
  0.003417575089235267, 0.9995813759555718, 0.02872965407510651, -0.5678610104562809;
  0.0449549734913608, -0.02885435054700659, 0.9985722191273406, -1.016215548927875]
getalign
triangulate points
Triangulating...Done. (76points, 0.00723385s, mean reproj err = 1302.29)
triangulation reproj error 1302.29
test triangulate
54/76 = 71.0526% are in front of camera
Triangulation did not succeed
after 5 map size: 2158
befin track 6 map
num is : 50000
before retain keypoints is: 47236
after retain keypoints is: 47236
begin match
[32 x 43161]  [32 x 42268]0
[32 x 43161]  [32 x 42268]21124
end match
begin elliminate
end elliminate    21124  21124
after swap matches21124  21124
keypoints_1.size() 43161 imgpts1_good.size() 21124
keypoints_2.size() 42268 imgpts2_good.size() 21124
-----------------------------------------------------------------
find 2d 3d correspondences
query frame keypoints: 43161
train frame keypoints: 42268
match size: 21124
-----------------------------------------------------------------
found 283 3d-2d point correspondences
solve PnP Racsac time: 7.99749
-------------------------------------------------------------------------
find pose estimation
3d point: 283
2d point: 283
inliers size: 192
projected point: 0
--------------------------------------------------------------------------
(192/283)
found t = [0.5151829123886249;
  -0.1380681452003144;
  -3.189612623037345]
R = 
[0.9568573178937002, 0.01326385352092251, -0.2902553072435536;
  -0.004606901817261107, 0.9995245061177251, 0.03048832769706533;
  0.2905216853333333, -0.02783580176486814, 0.9564634433637214]
frame pose [0.9568573178937002, 0.01326385352092251, -0.2902553072435536, 0.5151829123886249;
  -0.004606901817261107, 0.9995245061177251, 0.03048832769706533, -0.1380681452003144;
  0.2905216853333333, -0.02783580176486814, 0.9564634433637214, -3.189612623037345]
next to triangulate ,inliers size: 192
before inliers match size: 21124
after inliers match size: 192
begin triangulation
p query index 3
[0.9568573178937002, 0.01326385352092251, -0.2902553072435536, 0.5151829123886249;
  -0.004606901817261107, 0.9995245061177251, 0.03048832769706533, -0.1380681452003144;
  0.2905216853333333, -0.02783580176486814, 0.9564634433637214, -3.189612623037345]
p train index 2
[0.9989831682960932, -0.002121154703529601, -0.04503476616818619, 0.1522237650571328;
  0.003417575089235267, 0.9995813759555718, 0.02872965407510651, -0.5678610104562809;
  0.0449549734913608, -0.02885435054700659, 0.9985722191273406, -1.016215548927875]
getalign
triangulate points
Triangulating...Done. (192points, 0.0185758s, mean reproj err = 662.942)
triangulation reproj error 662.942
test triangulate
43/192 = 22.3958% are in front of camera
Triangulation did not succeed
after 6 map size: 2158
befin track 7 map
num is : 50000
before retain keypoints is: 42393
after retain keypoints is: 42393
begin match
[32 x 38983]  [32 x 42268]0
[32 x 38983]  [32 x 42268]19920
end match
begin elliminate
end elliminate    19920  19920
after swap matches19920  19920
keypoints_1.size() 38983 imgpts1_good.size() 19920
keypoints_2.size() 42268 imgpts2_good.size() 19920
-----------------------------------------------------------------
find 2d 3d correspondences
query frame keypoints: 38983
train frame keypoints: 42268
match size: 19920
-----------------------------------------------------------------
found 253 3d-2d point correspondences
solve PnP Racsac time: 14.7467
-------------------------------------------------------------------------
find pose estimation
3d point: 253
2d point: 253
inliers size: 110
projected point: 0
--------------------------------------------------------------------------
(110/253)
found t = [0.7808843467547173;
  -0.169778750589636;
  -3.495678679394164]
R = 
[0.9315004126918665, 0.009626392125678335, -0.3636128624368576;
  0.006552023912467541, 0.9990434935474646, 0.04323388697685541;
  0.3636812507368684, -0.04265478373078139, 0.9305463541851891]
frame pose [0.9315004126918665, 0.009626392125678335, -0.3636128624368576, 0.7808843467547173;
  0.006552023912467541, 0.9990434935474646, 0.04323388697685541, -0.169778750589636;
  0.3636812507368684, -0.04265478373078139, 0.9305463541851891, -3.495678679394164]
next to triangulate ,inliers size: 110
before inliers match size: 19920
after inliers match size: 110
begin triangulation
p query index 3
[0.9315004126918665, 0.009626392125678335, -0.3636128624368576, 0.7808843467547173;
  0.006552023912467541, 0.9990434935474646, 0.04323388697685541, -0.169778750589636;
  0.3636812507368684, -0.04265478373078139, 0.9305463541851891, -3.495678679394164]
p train index 2
[0.9989831682960932, -0.002121154703529601, -0.04503476616818619, 0.1522237650571328;
  0.003417575089235267, 0.9995813759555718, 0.02872965407510651, -0.5678610104562809;
  0.0449549734913608, -0.02885435054700659, 0.9985722191273406, -1.016215548927875]
getalign
triangulate points
Triangulating...Done. (110points, 0.0104847s, mean reproj err = 788.21)
triangulation reproj error 788.21
test triangulate
22/110 = 20% are in front of camera
Triangulation did not succeed
after 7 map size: 2158
befin track 8 map
num is : 50000
before retain keypoints is: 49852
after retain keypoints is: 49852
begin match
[32 x 44698]  [32 x 42268]0
[32 x 44698]  [32 x 42268]19023
end match
begin elliminate
end elliminate    19023  19023
after swap matches19023  19023
keypoints_1.size() 44698 imgpts1_good.size() 19023
keypoints_2.size() 42268 imgpts2_good.size() 19023
-----------------------------------------------------------------
find 2d 3d correspondences
query frame keypoints: 44698
train frame keypoints: 42268
match size: 19023
-----------------------------------------------------------------
found 198 3d-2d point correspondences
solve PnP Racsac time: 32.2613
-------------------------------------------------------------------------
find pose estimation
3d point: 198
2d point: 198
inliers size: 84
projected point: 0
--------------------------------------------------------------------------
(84/198)
found t = [1.128419963344077;
  -0.04834629880328648;
  -3.437322813241284]
R = 
[0.9037339914653515, 0.01550773725094974, -0.4278134906188204;
  0.002195607260975648, 0.9991626089759486, 0.04085658004692978;
  0.4280888365501483, -0.0378627905697815, 0.9029431638322588]
frame pose [0.9037339914653515, 0.01550773725094974, -0.4278134906188204, 1.128419963344077;
  0.002195607260975648, 0.9991626089759486, 0.04085658004692978, -0.04834629880328648;
  0.4280888365501483, -0.0378627905697815, 0.9029431638322588, -3.437322813241284]
next to triangulate ,inliers size: 84
before inliers match size: 19023
after inliers match size: 84
begin triangulation
p query index 3
[0.9037339914653515, 0.01550773725094974, -0.4278134906188204, 1.128419963344077;
  0.002195607260975648, 0.9991626089759486, 0.04085658004692978, -0.04834629880328648;
  0.4280888365501483, -0.0378627905697815, 0.9029431638322588, -3.437322813241284]
p train index 2
[0.9989831682960932, -0.002121154703529601, -0.04503476616818619, 0.1522237650571328;
  0.003417575089235267, 0.9995813759555718, 0.02872965407510651, -0.5678610104562809;
  0.0449549734913608, -0.02885435054700659, 0.9985722191273406, -1.016215548927875]
getalign
triangulate points
Triangulating...Done. (84points, 0.00817421s, mean reproj err = 497.79)
triangulation reproj error 497.79
test triangulate
19/84 = 22.619% are in front of camera
Triangulation did not succeed
after 8 map size: 2158
befin track 9 map
num is : 50000
before retain keypoints is: 55651
after retain keypoints is: 55651
begin match
[32 x 51575]  [32 x 42268]0
[32 x 51575]  [32 x 42268]18969
end match
begin elliminate
end elliminate    18969  18969
after swap matches18969  18969
keypoints_1.size() 51575 imgpts1_good.size() 18969
keypoints_2.size() 42268 imgpts2_good.size() 18969
-----------------------------------------------------------------
find 2d 3d correspondences
query frame keypoints: 51575
train frame keypoints: 42268
match size: 18969
-----------------------------------------------------------------
found 194 3d-2d point correspondences
solve PnP Racsac time: 365.028
-------------------------------------------------------------------------
find pose estimation
3d point: 194
2d point: 194
inliers size: 10
projected point: 0
--------------------------------------------------------------------------
(10/194)
not enough inliers to consider a good pose (10/194)
lost a frame
after 9 map size: 2158
get color: 
2158  4316
Pmats0
Pmats1
Pmats2
