hello world
IMG_20140810_170744.jpg
IMG_20140810_170746.jpg
IMG_20140810_170748.jpg
IMG_20140810_170749.jpg
IMG_20140810_170752.jpg
IMG_20140810_170754.jpg
IMG_20140810_170756.jpg
IMG_20140810_170757.jpg
IMG_20140810_170759.jpg
IMG_20140810_170801.jpg
/////////////////////////////////////////
begin make keyframe lite:50000
num is : 50000
before retain keypoints is: 43691
after retain keypoints is: 43691
keyframe 1 end
/////////////////////////////////////////
begin make keyframe lite:50000
num is : 50000
before retain keypoints is: 49083
after retain keypoints is: 49083
keyframe 2 end
begin match
[32 x 46876]  [32 x 41360]0
[32 x 46876]  [32 x 41360]24215
end match
begin elliminate
end elliminate    24215  24215
after swap matches24215  24215
keypoints_1.size() 46876 imgpts1_good.size() 24215
keypoints_2.size() 41360 imgpts2_good.size() 24215
out  match24215
=========================== Baseline triangulation ===========================
Find camera matrices...
before fundamentalMat 24215
F keeping 13233 / 24215
24215 matches before, 13233 new matches after Fundamental Matrix
after fundamentalMat 13233
K
[2560, 0, 720;
  0, 2560, 1280;
  0, 0, 1]
F
[5.479057035179712e-008, -6.230955571561633e-006, 0.0007009438218341592;
  6.995981548655698e-006, -9.854232233695711e-008, -0.2540830382432976;
  -0.002997373173197638, 0.2497724456915895, 1]
det(F)
-4.01183e-023
E
[0.3590754818575376, -40.83519043378631, -18.52218905372527;
  45.84886467726999, -0.6458069636674821, -637.8804881941933;
  15.35214699452147, 627.609660179133, -5.598987967924643]
----------------------- SVD ------------------------
U:
[-0.01499027094508276, 0.0696808700804936, -0.9974566998731416;
  -0.9766848478550239, 0.2126370908987992, 0.0295326183144225;
  -0.214154149498444, -0.9746435471078241, -0.06486876238742538]
W:
[640.3316475384489;
  628.6024734858012;
  4.220546569212875e-015]
Vt:
[-0.07507515867409643, -0.2079583807232097, 0.9752522916851002;
  -0.008254312261452783, -0.9778492536004571, -0.209147564083638;
  0.9971437142554478, -0.02375182350914613, 0.07169563446152563]
----------------------------------------------------
singular value ratio: 0.981683
det(R) == -1 [-1]: flip E's sign
----------------------- SVD ------------------------
U:
[0.01499027094508276, -0.0696808700804936, 0.9974566998731416;
  0.9766848478550239, -0.2126370908987992, -0.0295326183144225;
  0.214154149498444, 0.9746435471078241, 0.06486876238742538]
W:
[640.3316475384489;
  628.6024734858012;
  4.220546569212875e-015]
Vt:
[-0.07507515867409643, -0.2079583807232097, 0.9752522916851002;
  -0.008254312261452783, -0.9778492536004571, -0.209147564083638;
  0.9971437142554478, -0.02375182350914613, 0.07169563446152563]
----------------------------------------------------
singular value ratio: 0.981683
P
[1, 0, 0, 0;
  0, 1, 0, 0;
  0, 0, 1, 0]
Testing P1 
[0.9999627152755924, 0.0054575306708394, 0.006692041365809115, 0.9974566998731416;
  -0.005422639663281225, 0.9999716681208863, -0.005220913197392582, -0.0295326183144225;
  -0.006720345061606653, 0.005184430008142876, 0.9999639786751037, 0.06486876238742538]
test branch 1
Triangulating...Done. (13233points, 1.25307s, mean reproj err = 7.52029)
Triangulating...Done. (13233points, 1.23608s, mean reproj err = 7.53973)
12527/13233 = 94.6649% are in front of camera
12527/13233 = 94.6649% are in front of camera
Done. (4.34864s)
begin triangulation
p query index 1
[1, 0, 0, 0;
  0, 1, 0, 0;
  0, 0, 1, 0]
p train index 0
[0.9999627152755924, 0.0054575306708394, 0.006692041365809115, 0.9974566998731416;
  -0.005422639663281225, 0.9999716681208863, -0.005220913197392582, -0.0295326183144225;
  -0.006720345061606653, 0.005184430008142876, 0.9999639786751037, 0.06486876238742538]
getalign
triangulate points
Triangulating...Done. (13233points, 1.23968s, mean reproj err = 7.52029)
triangulation reproj error 7.52029
test triangulate
12527/13233 = 94.6649% are in front of camera
12527/13233 = 94.6649% are in front of camera
filtered out 778 high-error points
my work begins
0/12455 points were found in other views, adding 12455 new
 after 12455
after init map size: 12455
befin track 2 map
/////////////////////////////////////////
begin make keyframe lite:50000
num is : 50000
before retain keypoints is: 44410
after retain keypoints is: 44410
begin match
[32 x 42268]  [32 x 46876]0
[32 x 42268]  [32 x 46876]24478
end match
begin elliminate
end elliminate    24478  24478
after swap matches24478  24478
keypoints_1.size() 42268 imgpts1_good.size() 24478
keypoints_2.size() 46876 imgpts2_good.size() 24478
-----------------------------------------------------------------
find 2d 3d correspondences
query frame keypoints: 42268
train frame keypoints: 46876
match size: 24478
-----------------------------------------------------------------
found 8215 3d-2d point correspondences
solve PnP Racsac time: 54.7948
-------------------------------------------------------------------------
find pose estimation
3d point: 8215
2d point: 8215
inliers size: 5571
projected point: 0
--------------------------------------------------------------------------
(5571/8215)
found t = [0.3200813857606004;
  -0.2884640744953717;
  -0.6250198530544466]
R = 
[0.9987189507488263, 0.0006403741577652767, -0.05059691034145727;
  0.0004632233074135577, 0.9997623137414736, 0.0217968219349254;
  0.05059884227263375, -0.02179233680066097, 0.998481272341868]
frame pose [0.9987189507488263, 0.0006403741577652767, -0.05059691034145727, 0.3200813857606004;
  0.0004632233074135577, 0.9997623137414736, 0.0217968219349254, -0.2884640744953717;
  0.05059884227263375, -0.02179233680066097, 0.998481272341868, -0.6250198530544466]
next to triangulate ,inliers size: 5571
before inliers match size: 24478
after inliers match size: 5571
begin triangulation
p query index 2
[0.9987189507488263, 0.0006403741577652767, -0.05059691034145727, 0.3200813857606004;
  0.0004632233074135577, 0.9997623137414736, 0.0217968219349254, -0.2884640744953717;
  0.05059884227263375, -0.02179233680066097, 0.998481272341868, -0.6250198530544466]
p train index 1
[1, 0, 0, 0;
  0, 1, 0, 0;
  0, 0, 1, 0]
getalign
triangulate points
Triangulating...Done. (5571points, 0.519874s, mean reproj err = 3558.47)
triangulation reproj error 3558.47
test triangulate
4518/5571 = 81.0985% are in front of camera
4989/5571 = 89.553% are in front of camera
filtered out 2673 high-error points
my work begins
1441/2898 points were found in other views, adding 1457 new
before triangulation: 13912 after 13912
after 2 map size: 13912
befin track 3 map
/////////////////////////////////////////
begin make keyframe lite:50000
num is : 50000
before retain keypoints is: 43886
after retain keypoints is: 43886
begin match
[32 x 40968]  [32 x 42268]0
[32 x 40968]  [32 x 42268]23627
end match
begin elliminate
end elliminate    23627  23627
after swap matches23627  23627
keypoints_1.size() 40968 imgpts1_good.size() 23627
keypoints_2.size() 42268 imgpts2_good.size() 23627
-----------------------------------------------------------------
find 2d 3d correspondences
query frame keypoints: 40968
train frame keypoints: 42268
match size: 23627
-----------------------------------------------------------------
found 1904 3d-2d point correspondences
solve PnP Racsac time: 5.98144
-------------------------------------------------------------------------
find pose estimation
3d point: 1904
2d point: 1904
inliers size: 1089
projected point: 0
--------------------------------------------------------------------------
(1089/1904)
found t = [-0.5680482115045223;
  0.8538364085767602;
  -0.6849883926403564]
R = 
[0.9981197141074211, 0.002539530589969991, -0.06124203698851468;
  -0.004191987838286735, 0.9996301727712202, -0.02686903279509857;
  0.06115115328498434, 0.02707523720603447, 0.9977612279409104]
frame pose [0.9981197141074211, 0.002539530589969991, -0.06124203698851468, -0.5680482115045223;
  -0.004191987838286735, 0.9996301727712202, -0.02686903279509857, 0.8538364085767602;
  0.06115115328498434, 0.02707523720603447, 0.9977612279409104, -0.6849883926403564]
next to triangulate ,inliers size: 1089
before inliers match size: 23627
after inliers match size: 1089
begin triangulation
p query index 3
[0.9981197141074211, 0.002539530589969991, -0.06124203698851468, -0.5680482115045223;
  -0.004191987838286735, 0.9996301727712202, -0.02686903279509857, 0.8538364085767602;
  0.06115115328498434, 0.02707523720603447, 0.9977612279409104, -0.6849883926403564]
p train index 2
[0.9987189507488263, 0.0006403741577652767, -0.05059691034145727, 0.3200813857606004;
  0.0004632233074135577, 0.9997623137414736, 0.0217968219349254, -0.2884640744953717;
  0.05059884227263375, -0.02179233680066097, 0.998481272341868, -0.6250198530544466]
getalign
triangulate points
Triangulating...Done. (1089points, 0.101895s, mean reproj err = 686.931)
triangulation reproj error 686.931
test triangulate
668/1089 = 61.3407% are in front of camera
Triangulation did not succeed
after 3 map size: 13912
befin track 4 map
/////////////////////////////////////////
begin make keyframe lite:50000
num is : 50000
before retain keypoints is: 44816
after retain keypoints is: 44816
begin match
[32 x 41386]  [32 x 42268]0
[32 x 41386]  [32 x 42268]22444
end match
begin elliminate
end elliminate    22444  22444
after swap matches22444  22444
keypoints_1.size() 41386 imgpts1_good.size() 22444
keypoints_2.size() 42268 imgpts2_good.size() 22444
-----------------------------------------------------------------
find 2d 3d correspondences
query frame keypoints: 41386
train frame keypoints: 42268
match size: 22444
-----------------------------------------------------------------
found 1809 3d-2d point correspondences
solve PnP Racsac time: 5.72839
-------------------------------------------------------------------------
find pose estimation
3d point: 1809
2d point: 1809
inliers size: 1106
projected point: 0
--------------------------------------------------------------------------
(1106/1809)
found t = [0.03313736882494967;
  0.2890104978016019;
  -1.524871273465536]
R = 
[0.9907499265289059, 0.0162969049563094, -0.1347182020805371;
  -0.01494754124760069, 0.999827532084889, 0.01102166483303423;
  0.1348745865373411, -0.008906007741153453, 0.9908226526137237]
frame pose [0.9907499265289059, 0.0162969049563094, -0.1347182020805371, 0.03313736882494967;
  -0.01494754124760069, 0.999827532084889, 0.01102166483303423, 0.2890104978016019;
  0.1348745865373411, -0.008906007741153453, 0.9908226526137237, -1.524871273465536]
next to triangulate ,inliers size: 1106
before inliers match size: 22444
after inliers match size: 1106
begin triangulation
p query index 3
[0.9907499265289059, 0.0162969049563094, -0.1347182020805371, 0.03313736882494967;
  -0.01494754124760069, 0.999827532084889, 0.01102166483303423, 0.2890104978016019;
  0.1348745865373411, -0.008906007741153453, 0.9908226526137237, -1.524871273465536]
p train index 2
[0.9987189507488263, 0.0006403741577652767, -0.05059691034145727, 0.3200813857606004;
  0.0004632233074135577, 0.9997623137414736, 0.0217968219349254, -0.2884640744953717;
  0.05059884227263375, -0.02179233680066097, 0.998481272341868, -0.6250198530544466]
getalign
triangulate points
Triangulating...Done. (1106points, 0.102922s, mean reproj err = 1339.03)
triangulation reproj error 1339.03
test triangulate
514/1106 = 46.4738% are in front of camera
Triangulation did not succeed
after 4 map size: 13912
befin track 5 map
/////////////////////////////////////////
begin make keyframe lite:50000
num is : 50000
before retain keypoints is: 48432
after retain keypoints is: 48432
begin match
[32 x 44416]  [32 x 42268]0
[32 x 44416]  [32 x 42268]22371
end match
begin elliminate
end elliminate    22371  22371
after swap matches22371  22371
keypoints_1.size() 44416 imgpts1_good.size() 22371
keypoints_2.size() 42268 imgpts2_good.size() 22371
-----------------------------------------------------------------
find 2d 3d correspondences
query frame keypoints: 44416
train frame keypoints: 42268
match size: 22371
-----------------------------------------------------------------
found 1791 3d-2d point correspondences
solve PnP Racsac time: 9.36985
-------------------------------------------------------------------------
find pose estimation
3d point: 1791
2d point: 1791
inliers size: 849
projected point: 0
--------------------------------------------------------------------------
(849/1791)
found t = [-0.1495672961641892;
  0.3097914366772852;
  -2.027698299230309]
R = 
[0.9808679627277108, 0.01692983980944079, -0.1939366397007455;
  -0.01513490787579326, 0.9998278506572359, 0.01073329463507034;
  0.1940849665944824, -0.007592731666446017, 0.9809553385184567]
frame pose [0.9808679627277108, 0.01692983980944079, -0.1939366397007455, -0.1495672961641892;
  -0.01513490787579326, 0.9998278506572359, 0.01073329463507034, 0.3097914366772852;
  0.1940849665944824, -0.007592731666446017, 0.9809553385184567, -2.027698299230309]
next to triangulate ,inliers size: 849
before inliers match size: 22371
after inliers match size: 849
begin triangulation
p query index 3
[0.9808679627277108, 0.01692983980944079, -0.1939366397007455, -0.1495672961641892;
  -0.01513490787579326, 0.9998278506572359, 0.01073329463507034, 0.3097914366772852;
  0.1940849665944824, -0.007592731666446017, 0.9809553385184567, -2.027698299230309]
p train index 2
[0.9987189507488263, 0.0006403741577652767, -0.05059691034145727, 0.3200813857606004;
  0.0004632233074135577, 0.9997623137414736, 0.0217968219349254, -0.2884640744953717;
  0.05059884227263375, -0.02179233680066097, 0.998481272341868, -0.6250198530544466]
getalign
triangulate points
Triangulating...Done. (849points, 0.0790163s, mean reproj err = 3085.86)
triangulation reproj error 3085.86
test triangulate
299/849 = 35.2179% are in front of camera
Triangulation did not succeed
after 5 map size: 13912
befin track 6 map
/////////////////////////////////////////
begin make keyframe lite:50000
num is : 50000
before retain keypoints is: 47236
after retain keypoints is: 47236
begin match
[32 x 43161]  [32 x 42268]0
[32 x 43161]  [32 x 42268]21124
end match
begin elliminate
end elliminate    21124  21124
after swap matches21124  21124
keypoints_1.size() 43161 imgpts1_good.size() 21124
keypoints_2.size() 42268 imgpts2_good.size() 21124
-----------------------------------------------------------------
find 2d 3d correspondences
query frame keypoints: 43161
train frame keypoints: 42268
match size: 21124
-----------------------------------------------------------------
found 1580 3d-2d point correspondences
solve PnP Racsac time: 14.6233
-------------------------------------------------------------------------
find pose estimation
3d point: 1580
2d point: 1580
inliers size: 468
projected point: 0
--------------------------------------------------------------------------
(468/1580)
found t = [0.5889169524928675;
  -1.556752283835572;
  -2.639283256187834]
R = 
[0.9553145354151789, 0.02170791109782544, -0.2947929867216143;
  0.00960405977656691, 0.9944936829366856, 0.1043555299676796;
  0.2954351036357885, -0.1025235640952656, 0.949845786612182]
frame pose [0.9553145354151789, 0.02170791109782544, -0.2947929867216143, 0.5889169524928675;
  0.00960405977656691, 0.9944936829366856, 0.1043555299676796, -1.556752283835572;
  0.2954351036357885, -0.1025235640952656, 0.949845786612182, -2.639283256187834]
next to triangulate ,inliers size: 468
before inliers match size: 21124
after inliers match size: 468
begin triangulation
p query index 3
[0.9553145354151789, 0.02170791109782544, -0.2947929867216143, 0.5889169524928675;
  0.00960405977656691, 0.9944936829366856, 0.1043555299676796, -1.556752283835572;
  0.2954351036357885, -0.1025235640952656, 0.949845786612182, -2.639283256187834]
p train index 2
[0.9987189507488263, 0.0006403741577652767, -0.05059691034145727, 0.3200813857606004;
  0.0004632233074135577, 0.9997623137414736, 0.0217968219349254, -0.2884640744953717;
  0.05059884227263375, -0.02179233680066097, 0.998481272341868, -0.6250198530544466]
getalign
triangulate points
Triangulating...Done. (468points, 0.0432675s, mean reproj err = 545.997)
triangulation reproj error 545.997
test triangulate
342/468 = 73.0769% are in front of camera
Triangulation did not succeed
after 6 map size: 13912
befin track 7 map
/////////////////////////////////////////
begin make keyframe lite:50000
num is : 50000
before retain keypoints is: 42393
after retain keypoints is: 42393
begin match
[32 x 38983]  [32 x 42268]0
[32 x 38983]  [32 x 42268]19920
end match
begin elliminate
end elliminate    19920  19920
after swap matches19920  19920
keypoints_1.size() 38983 imgpts1_good.size() 19920
keypoints_2.size() 42268 imgpts2_good.size() 19920
-----------------------------------------------------------------
find 2d 3d correspondences
query frame keypoints: 38983
train frame keypoints: 42268
match size: 19920
-----------------------------------------------------------------
found 1544 3d-2d point correspondences
solve PnP Racsac time: 193.292
-------------------------------------------------------------------------
find pose estimation
3d point: 1544
2d point: 1544
inliers size: 452
projected point: 0
--------------------------------------------------------------------------
(452/1544)
found t = [0.5710183218902047;
  -0.05022602616654392;
  -2.720246522936915]
R = 
[0.9330872560112812, 0.01603870261150459, -0.3592922663902989;
  0.0005688716178972857, 0.9989380669287937, 0.04606967360039897;
  0.3596496198446763, -0.04319141649801107, 0.932087255833098]
frame pose [0.9330872560112812, 0.01603870261150459, -0.3592922663902989, 0.5710183218902047;
  0.0005688716178972857, 0.9989380669287937, 0.04606967360039897, -0.05022602616654392;
  0.3596496198446763, -0.04319141649801107, 0.932087255833098, -2.720246522936915]
next to triangulate ,inliers size: 452
before inliers match size: 19920
after inliers match size: 452
begin triangulation
p query index 3
[0.9330872560112812, 0.01603870261150459, -0.3592922663902989, 0.5710183218902047;
  0.0005688716178972857, 0.9989380669287937, 0.04606967360039897, -0.05022602616654392;
  0.3596496198446763, -0.04319141649801107, 0.932087255833098, -2.720246522936915]
p train index 2
[0.9987189507488263, 0.0006403741577652767, -0.05059691034145727, 0.3200813857606004;
  0.0004632233074135577, 0.9997623137414736, 0.0217968219349254, -0.2884640744953717;
  0.05059884227263375, -0.02179233680066097, 0.998481272341868, -0.6250198530544466]
getalign
triangulate points
Triangulating...Done. (452points, 0.0419483s, mean reproj err = 974.788)
triangulation reproj error 974.788
test triangulate
85/452 = 18.8053% are in front of camera
Triangulation did not succeed
after 7 map size: 13912
befin track 8 map
/////////////////////////////////////////
begin make keyframe lite:50000
num is : 50000
before retain keypoints is: 49852
after retain keypoints is: 49852
begin match
[32 x 44698]  [32 x 42268]0
[32 x 44698]  [32 x 42268]19023
end match
begin elliminate
end elliminate    19023  19023
after swap matches19023  19023
keypoints_1.size() 44698 imgpts1_good.size() 19023
keypoints_2.size() 42268 imgpts2_good.size() 19023
-----------------------------------------------------------------
find 2d 3d correspondences
query frame keypoints: 44698
train frame keypoints: 42268
match size: 19023
-----------------------------------------------------------------
found 1332 3d-2d point correspondences
solve PnP Racsac time: 759.547
-------------------------------------------------------------------------
find pose estimation
3d point: 1332
2d point: 1332
inliers size: 35
projected point: 0
--------------------------------------------------------------------------
(35/1332)
found t = [0.05396148964788927;
  0.6493375684530118;
  -2.76755810550732]
R = 
[0.981417616321324, 0.03264084966882533, -0.1890873800840969;
  -0.02935501203081422, 0.9993658744817567, 0.02015272165203684;
  0.1896252769090697, -0.01422757372888532, 0.9817534469014855]
frame pose [0.981417616321324, 0.03264084966882533, -0.1890873800840969, 0.05396148964788927;
  -0.02935501203081422, 0.9993658744817567, 0.02015272165203684, 0.6493375684530118;
  0.1896252769090697, -0.01422757372888532, 0.9817534469014855, -2.76755810550732]
next to triangulate ,inliers size: 35
before inliers match size: 19023
after inliers match size: 35
begin triangulation
p query index 3
[0.981417616321324, 0.03264084966882533, -0.1890873800840969, 0.05396148964788927;
  -0.02935501203081422, 0.9993658744817567, 0.02015272165203684, 0.6493375684530118;
  0.1896252769090697, -0.01422757372888532, 0.9817534469014855, -2.76755810550732]
p train index 2
[0.9987189507488263, 0.0006403741577652767, -0.05059691034145727, 0.3200813857606004;
  0.0004632233074135577, 0.9997623137414736, 0.0217968219349254, -0.2884640744953717;
  0.05059884227263375, -0.02179233680066097, 0.998481272341868, -0.6250198530544466]
getalign
triangulate points
Triangulating...Done. (35points, 0.0033897s, mean reproj err = 1874.69)
triangulation reproj error 1874.69
test triangulate
6/35 = 17.1429% are in front of camera
Triangulation did not succeed
after 8 map size: 13912
befin track 9 map
/////////////////////////////////////////
begin make keyframe lite:50000
num is : 50000
before retain keypoints is: 55651
after retain keypoints is: 55651
begin match
[32 x 51575]  [32 x 42268]0
[32 x 51575]  [32 x 42268]18969
end match
begin elliminate
end elliminate    18969  18969
after swap matches18969  18969
keypoints_1.size() 51575 imgpts1_good.size() 18969
keypoints_2.size() 42268 imgpts2_good.size() 18969
-----------------------------------------------------------------
find 2d 3d correspondences
query frame keypoints: 51575
train frame keypoints: 42268
match size: 18969
-----------------------------------------------------------------
found 1370 3d-2d point correspondences
solve PnP Racsac time: 778.098
-------------------------------------------------------------------------
find pose estimation
3d point: 1370
2d point: 1370
inliers size: 68
projected point: 0
--------------------------------------------------------------------------
(68/1370)
found t = [0.3274097538897598;
  0.5302338265194071;
  -2.742426123332265]
R = 
[0.8963905385245609, 0.01838397952870207, -0.4428837677544031;
  -0.01364475738160139, 0.9998104950039513, 0.01388505224877331;
  0.4430551015840412, -0.006403387903461243, 0.896471512979477]
frame pose [0.8963905385245609, 0.01838397952870207, -0.4428837677544031, 0.3274097538897598;
  -0.01364475738160139, 0.9998104950039513, 0.01388505224877331, 0.5302338265194071;
  0.4430551015840412, -0.006403387903461243, 0.896471512979477, -2.742426123332265]
next to triangulate ,inliers size: 68
before inliers match size: 18969
after inliers match size: 68
begin triangulation
p query index 3
[0.8963905385245609, 0.01838397952870207, -0.4428837677544031, 0.3274097538897598;
  -0.01364475738160139, 0.9998104950039513, 0.01388505224877331, 0.5302338265194071;
  0.4430551015840412, -0.006403387903461243, 0.896471512979477, -2.742426123332265]
p train index 2
[0.9987189507488263, 0.0006403741577652767, -0.05059691034145727, 0.3200813857606004;
  0.0004632233074135577, 0.9997623137414736, 0.0217968219349254, -0.2884640744953717;
  0.05059884227263375, -0.02179233680066097, 0.998481272341868, -0.6250198530544466]
getalign
triangulate points
Triangulating...Done. (68points, 0.00631242s, mean reproj err = 1951.74)
triangulation reproj error 1951.74
test triangulate
9/68 = 13.2353% are in front of camera
Triangulation did not succeed
after 9 map size: 13912
get color: 
13912  27824
Pmats0
Pmats1
Pmats2
