10
0.999018  0.0183574  0.0403159  0.331272  -0.0175745  0.999652  -0.0196905  0.296985  -0.0406633  0.0189626  0.998993  0.895577  
1  0  0  0  0  1  0  0  0  0  1  0  
0.999008  0.00428234  -0.0443288  0.141595  -0.00371339  0.99991  0.0129092  -0.122948  0.0443801  -0.0127318  0.998934  -0.34178  
0.994843  0.0028482  -0.101386  0.229391  -0.000589575  0.999751  0.0223004  -0.21058  0.101425  -0.0221256  0.994597  -0.71999  
0.988109  0.00793828  -0.153547  0.272235  -0.0032569  0.999523  0.0307158  -0.197295  0.153717  -0.0298505  0.987664  -1.01446  
0.974877  0.00862501  -0.222575  0.262472  -0.0016548  0.999503  0.0314838  -0.24662  0.222736  -0.0303245  0.974407  -1.23453  
0.954459  0.00136801  -0.29834  0.357708  0.0119135  0.999017  0.042695  -0.372394  0.298105  -0.0443048  0.953504  -1.39682  
0.930227  0.0128822  -0.366757  0.492815  0.000453683  0.999343  0.0362521  0.0415658  0.366983  -0.0338891  0.92961  -1.87133  
0.968522  0.247491  0.0267069  -4.2179  -0.245682  0.967644  -0.0574868  2.13885  -0.0400703  0.0491158  0.997989  -1.71466  
0.881342  0.00484784  -0.472453  0.542028  0.00869803  0.999611  0.0264828  0.0244463  0.472398  -0.0274498  0.880958  -1.50102  
