<?xml version="1.0"?>
<opencv_storage>
<Pmats0 type_id="opencv-matrix">
  <rows>3</rows>
  <cols>4</cols>
  <dt>d</dt>
  <data>
    9.9901833392584405e-001 1.8357434869252384e-002
    4.0315915778416422e-002 3.3127236660073139e-001
    -1.7574451584605022e-002 9.9965165066533102e-001
    -1.9690504655287377e-002 2.9698534354034695e-001
    -4.0663338912730607e-002 1.8962645044947490e-002
    9.9899294840422592e-001 8.9557709039980071e-001</data></Pmats0>
<Pmats1 type_id="opencv-matrix">
  <rows>3</rows>
  <cols>4</cols>
  <dt>d</dt>
  <data>
    1. 0. 0. 0. 0. 1. 0. 0. 0. 0. 1. 0.</data></Pmats1>
<Pmats2 type_id="opencv-matrix">
  <rows>3</rows>
  <cols>4</cols>
  <dt>d</dt>
  <data>
    9.9900781605385625e-001 4.2823396336784504e-003
    -4.4328828436654685e-002 1.4159495660868748e-001
    -3.7133865430480808e-003 9.9990977718697593e-001
    1.2909231048906978e-002 -1.2294803367712204e-001
    4.4380110676816117e-002 -1.2731812642117432e-002
    9.9893358474082727e-001 -3.4177982563927145e-001</data></Pmats2>
<Pmats3 type_id="opencv-matrix">
  <rows>3</rows>
  <cols>4</cols>
  <dt>d</dt>
  <data>
    9.9484305511435955e-001 2.8482012105697507e-003
    -1.0138630795423752e-001 2.2939123103478676e-001
    -5.8957532865387360e-004 9.9975114081642014e-001
    2.2300422354705609e-002 -2.1057989554858836e-001
    1.0142459313036074e-001 -2.2125645439862767e-002
    9.9459715851303854e-001 -7.1999039557032418e-001</data></Pmats3>
<Pmats4 type_id="opencv-matrix">
  <rows>3</rows>
  <cols>4</cols>
  <dt>d</dt>
  <data>
    9.8810948869874748e-001 7.9382815174888714e-003
    -1.5354680729357026e-001 2.7223484247745700e-001
    -3.2569015560741407e-003 9.9952285119135875e-001
    3.0715835306092121e-002 -1.9729529552115832e-001
    1.5371737356510404e-001 -2.9850521483652977e-002
    9.8766386763483471e-001 -1.0144581576476277e+000</data></Pmats4>
<Pmats5 type_id="opencv-matrix">
  <rows>3</rows>
  <cols>4</cols>
  <dt>d</dt>
  <data>
    9.7487740316484972e-001 8.6250138885678573e-003
    -2.2257506134780916e-001 2.6247167499198465e-001
    -1.6547972444808192e-003 9.9950289339899601e-001
    3.1483769360018031e-002 -2.4661991226763369e-001
    2.2273596576358892e-001 -3.0324498717326939e-002
    9.7440705782178327e-001 -1.2345312478713986e+000</data></Pmats5>
<Pmats6 type_id="opencv-matrix">
  <rows>3</rows>
  <cols>4</cols>
  <dt>d</dt>
  <data>
    9.5445880856416487e-001 1.3680113038844191e-003
    -2.9833959056643394e-001 3.5770824960974368e-001
    1.1913484510532060e-002 9.9901712160497280e-001
    4.2694960205301169e-002 -3.7239371298077095e-001
    2.9810476621666465e-001 -4.4304844940337873e-002
    9.5350439384080465e-001 -1.3968236946479813e+000</data></Pmats6>
<Pmats7 type_id="opencv-matrix">
  <rows>3</rows>
  <cols>4</cols>
  <dt>d</dt>
  <data>
    9.3022738968367336e-001 1.2882184058858406e-002
    -3.6675748501724276e-001 4.9281473986648194e-001
    4.5368318706134891e-004 9.9934257217391853e-001
    3.6252139418001969e-002 4.1565800612058501e-002
    3.6698337517367891e-001 -3.3889124725937803e-002
    9.2960998788279203e-001 -1.8713264017595215e+000</data></Pmats7>
<Pmats8 type_id="opencv-matrix">
  <rows>3</rows>
  <cols>4</cols>
  <dt>d</dt>
  <data>
    8.8134238375683360e-001 4.8478391991174036e-003
    -4.7245327922337671e-001 5.4202782120036641e-001
    8.6980263228857782e-003 9.9961142682156534e-001
    2.6482819068988750e-002 2.4446338343298679e-002
    4.7239808099939279e-001 -2.7449841945882104e-002
    8.8095775111252494e-001 -1.5010191535965323e+000</data></Pmats8>
</opencv_storage>
