<?xml version="1.0"?>
<opencv_storage>
<Pmats0 type_id="opencv-matrix">
  <rows>3</rows>
  <cols>4</cols>
  <dt>d</dt>
  <data>
    9.8872965724491757e-001 5.9188784756900037e-003
    1.4959489216526597e-001 -9.0228034513419897e-001
    -6.9564083177405256e-003 9.9995523812055287e-001
    6.4132783025111911e-003 -1.5141408244208177e-001
    -1.4955023660183345e-001 -7.3816416100080801e-003
    9.8872657398265418e-001 4.0368794188423945e-001</data></Pmats0>
<Pmats1 type_id="opencv-matrix">
  <rows>3</rows>
  <cols>4</cols>
  <dt>d</dt>
  <data>
    1. 0. 0. 0. 0. 1. 0. 0. 0. 0. 1. 0.</data></Pmats1>
<Pmats2 type_id="opencv-matrix">
  <rows>3</rows>
  <cols>4</cols>
  <dt>d</dt>
  <data>
    9.8526502810922856e-001 6.3689236478659636e-002
    -1.5873407177315940e-001 1.0588699690562935e+000
    -8.5700228586915297e-002 9.8700561207253845e-001
    -1.3592421622898598e-001 5.9110931068578632e-001
    1.4801451011664907e-001 1.4752492295906833e-001
    9.7792029424736315e-001 -2.1630831847266663e-002</data></Pmats2>
<Pmats3 type_id="opencv-matrix">
  <rows>3</rows>
  <cols>4</cols>
  <dt>d</dt>
  <data>
    9.4197477355594827e-001 1.7131549895810630e-002
    -3.3524623186903590e-001 2.1842710330581752e+000
    -1.1536689119885161e-001 9.5438579824838854e-001
    -2.7538741532048738e-001 1.7572036660017383e+000
    3.1523642936585294e-001 2.9808431374353406e-001
    9.0098375984293633e-001 6.1008625959185636e-001</data></Pmats3>
</opencv_storage>
