<?xml version="1.0"?>
<opencv_storage>
<Pmats0 type_id="opencv-matrix">
  <rows>3</rows>
  <cols>4</cols>
  <dt>d</dt>
  <data>
    9.9595835688216516e-001 -7.9672086713269002e-003
    8.9462142510477766e-002 1.0551481120025681e-001
    5.8085852630706935e-003 9.9968629379294716e-001
    2.4363381123370026e-002 9.3997929266364688e-002
    -8.9628185822424988e-002 -2.3745264549136516e-002
    9.9569219677452125e-001 9.8996515792779771e-001</data></Pmats0>
<Pmats1 type_id="opencv-matrix">
  <rows>3</rows>
  <cols>4</cols>
  <dt>d</dt>
  <data>
    1. 0. 0. 0. 0. 1. 0. 0. 0. 0. 1. 0.</data></Pmats1>
<Pmats2 type_id="opencv-matrix">
  <rows>3</rows>
  <cols>4</cols>
  <dt>d</dt>
  <data>
    9.8786543330068111e-001 -1.7507133395370706e-002
    -1.5432234436378353e-001 -7.0357790180807456e-002
    1.3522793763058809e-002 9.9954853015512191e-001
    -2.6830391603124823e-002 -2.4702023856872479e-002
    1.5472239572375832e-001 2.4417947190784675e-002
    9.8765618720103643e-001 9.4476195700575971e-001</data></Pmats2>
<Pmats3 type_id="opencv-matrix">
  <rows>3</rows>
  <cols>4</cols>
  <dt>d</dt>
  <data>
    9.8914715684895815e-001 -5.0140558915257212e-002
    -1.3810802456515056e-001 9.7084549893606376e-002
    2.1187707601293924e-002 9.7882168653655943e-001
    -2.0361529169570586e-001 -2.1138710084353196e-002
    1.4539251405840906e-001 1.9847929442989998e-001
    9.6926105180100186e-001 -5.8118607036988124e-002</data></Pmats3>
<Pmats4 type_id="opencv-matrix">
  <rows>3</rows>
  <cols>4</cols>
  <dt>d</dt>
  <data>
    9.9740281984443135e-001 -3.7065528955123356e-002
    -6.1755659899751382e-002 1.8040825541569649e-001
    4.0682793807740078e-002 9.9746486968479608e-001
    5.8384450264515435e-002 -2.9192943228119006e-001
    5.9435050722395737e-002 -6.0745208107057157e-002
    9.9638220299122993e-001 -2.3497910941971156e+000</data></Pmats4>
</opencv_storage>
