6
0.995958  -0.00796721  0.0894621  0.105515  0.00580859  0.999686  0.0243634  0.0939979  -0.0896282  -0.0237453  0.995692  0.989965  
1  0  0  0  0  1  0  0  0  0  1  0  
0.987865  -0.0175071  -0.154322  -0.0703578  0.0135228  0.999549  -0.0268304  -0.024702  0.154722  0.0244179  0.987656  0.944762  
0.962697  -0.0714868  -0.260968  0.00138154  0.0612414  0.997007  -0.047193  -0.110713  0.26356  0.0294505  0.964193  0.0338043  
0.989147  -0.0501406  -0.138108  0.0970845  0.0211877  0.978822  -0.203615  -0.0211387  0.145393  0.198479  0.969261  -0.0581186  
0.997403  -0.0370655  -0.0617557  0.180408  0.0406828  0.997465  0.0583845  -0.291929  0.0594351  -0.0607452  0.996382  -2.34979  
