9
0.999529  -0.00852002  0.0294775  0.0395586  0.0106844  0.997196  -0.0740657  0.261133  -0.0287638  0.0743458  0.996818  -0.964492  
1  0  0  0  0  1  0  0  0  0  1  0  
0.999175  -0.00441631  -0.0403772  -0.205929  0.00781462  0.996401  0.0843981  -0.160377  0.0398592  -0.084644  0.995614  0.526923  
0.996337  -0.0061602  -0.0852921  -0.0134285  0.0182228  0.989787  0.141382  0.100623  0.0835501  -0.142418  0.986274  1.79979  
0.982924  -0.0637271  -0.172625  0.825948  0.0825502  0.99113  0.104149  0.0405015  0.164457  -0.11662  0.979466  1.37936  
0.982522  -0.0264711  -0.184257  0.0218601  0.038813  0.997214  0.0637001  -0.261693  0.182057  -0.0697383  0.980812  0.935057  
0.998074  -0.0510569  0.0352358  1.17579  0.0512055  0.998683  -0.00332833  0.434692  -0.0350195  0.00512619  0.999373  2.38425  
0.958293  -0.0459054  -0.282077  -0.073843  0.0384702  0.998752  -0.0318436  -0.477779  0.283187  0.0196639  0.958863  0.980206  
0.943564  -0.0464702  -0.327914  -0.187584  0.0204906  0.996402  -0.0822435  -0.0651822  0.330556  0.0708828  0.941121  0.622284  
