<?xml version="1.0"?>
<opencv_storage>
<Pmats0 type_id="opencv-matrix">
  <rows>3</rows>
  <cols>4</cols>
  <dt>d</dt>
  <data>
    9.9952913178731662e-001 -8.5200178817285976e-003
    2.9477516920329627e-002 3.9558563055799155e-002
    1.0684432303763557e-002 9.9719612770117072e-001
    -7.4065685740003273e-002 2.6113280551138884e-001
    -2.8763824760271298e-002 7.4345761096955926e-002
    9.9681761129710922e-001 -9.6449197921740737e-001</data></Pmats0>
<Pmats1 type_id="opencv-matrix">
  <rows>3</rows>
  <cols>4</cols>
  <dt>d</dt>
  <data>
    1. 0. 0. 0. 0. 1. 0. 0. 0. 0. 1. 0.</data></Pmats1>
<Pmats2 type_id="opencv-matrix">
  <rows>3</rows>
  <cols>4</cols>
  <dt>d</dt>
  <data>
    9.9917474902099090e-001 -4.4163098288939762e-003
    -4.0377185715883508e-002 -2.0592905518048998e-001
    7.8146241739470053e-003 9.9640147194919693e-001
    8.4398094448238536e-002 -1.6037702802311582e-001
    3.9859159146420735e-002 -8.4643977369739914e-002
    9.9561370246053327e-001 5.2692341922101704e-001</data></Pmats2>
</opencv_storage>
