<?xml version="1.0"?>
<opencv_storage>
<Pmats0 type_id="opencv-matrix">
  <rows>3</rows>
  <cols>4</cols>
  <dt>d</dt>
  <data>
    9.9827588706879056e-001 1.5801690400099599e-004
    -5.8696067395331314e-002 9.8302701255332192e-001
    -3.2700202421471758e-003 9.9859304717811770e-001
    -5.2926676592602806e-002 9.6448779186664849e-002
    5.8605121488101874e-002 5.3027362353600914e-002
    9.9687187671093691e-001 -1.5606256945178426e-001</data></Pmats0>
<Pmats1 type_id="opencv-matrix">
  <rows>3</rows>
  <cols>4</cols>
  <dt>d</dt>
  <data>
    1. 0. 0. 0. 0. 1. 0. 0. 0. 0. 1. 0.</data></Pmats1>
</opencv_storage>
