<?xml version="1.0"?>
<opencv_storage>
<Pmats0 type_id="opencv-matrix">
  <rows>3</rows>
  <cols>4</cols>
  <dt>d</dt>
  <data>
    9.9994542249349494e-001 4.0366065492744574e-004
    1.0439784115682284e-002 -7.2796894290712844e-002
    -3.7159655888074905e-004 9.9999520899168592e-001
    -3.0730944781577063e-003 2.2262871686684590e-001
    -1.0440974585917917e-002 3.0690473684716890e-003
    9.9994078174557266e-001 -9.7218160166084644e-001</data></Pmats0>
<Pmats1 type_id="opencv-matrix">
  <rows>3</rows>
  <cols>4</cols>
  <dt>d</dt>
  <data>
    1. 0. 0. 0. 0. 1. 0. 0. 0. 0. 1. 0.</data></Pmats1>
<Pmats2 type_id="opencv-matrix">
  <rows>3</rows>
  <cols>4</cols>
  <dt>d</dt>
  <data>
    9.9996409531425867e-001 -1.6306962186088804e-003
    -8.3155824918550812e-003 1.6185354892097692e-001
    1.6606567965460211e-003 9.9999215074858050e-001
    3.5973129183247280e-003 1.7624872763406252e-001
    8.3096510961843378e-003 -3.6109930865172203e-003
    9.9995895437142257e-001 2.4849440762934023e+000</data></Pmats2>
<Pmats3 type_id="opencv-matrix">
  <rows>3</rows>
  <cols>4</cols>
  <dt>d</dt>
  <data>
    9.9999341429103950e-001 3.4611969152207721e-003
    -1.0915541505052060e-003 4.3101874019631126e+000
    -3.4540755567333192e-003 9.9997316969730710e-001
    6.4598179207309330e-003 -2.2478705416187950e+000
    1.1138835656370639e-003 -6.4560050677400583e-003
    9.9997853940070514e-001 3.4101617258986380e+001</data></Pmats3>
</opencv_storage>
