<?xml version="1.0"?>
<opencv_storage>
<Pmats0 type_id="opencv-matrix">
  <rows>3</rows>
  <cols>4</cols>
  <dt>d</dt>
  <data>
    9.9977367445026644e-001 -1.5841333630040616e-002
    1.4200423410388810e-002 9.9938466133737858e-001
    1.5659398976675731e-002 9.9979502970421563e-001
    1.2832840778091830e-002 3.1947355251541076e-002
    -1.4400802057589064e-002 -1.2607566282527074e-002
    9.9981681630813246e-001 -1.4479819612302590e-002</data></Pmats0>
<Pmats1 type_id="opencv-matrix">
  <rows>3</rows>
  <cols>4</cols>
  <dt>d</dt>
  <data>
    1. 0. 0. 0. 0. 1. 0. 0. 0. 0. 1. 0.</data></Pmats1>
<Pmats2 type_id="opencv-matrix">
  <rows>3</rows>
  <cols>4</cols>
  <dt>d</dt>
  <data>
    9.9671691526849748e-001 -3.2709161104682298e-002
    -7.4064172158194483e-002 -1.8191587552094157e-002
    3.4359428154929213e-002 9.9918640261230907e-001
    2.1117824971781548e-002 -2.2579834252994413e-001
    7.3313167402022608e-002 -2.3593295965177941e-002
    9.9702985706095204e-001 -3.0599451511825038e-001</data></Pmats2>
</opencv_storage>
