5
0.999757  -0.0169583  -0.0141115  0.968624  0.0164285  0.999186  -0.0368478  0.0569257  0.0147249  0.036607  0.999221  -0.241924  
1  0  0  0  0  1  0  0  0  0  1  0  
0.999892  -0.0140104  -0.00440833  -1.21159  0.0135879  0.99633  -0.0845094  0.62436  0.00557616  0.0844403  0.996413  0.373214  
0.994331  -0.00835536  -0.106  -1.86033  -0.00135413  0.995832  -0.0911981  0.773766  0.10632  0.0908247  0.990175  0.244789  
0.994008  -0.0135235  -0.108472  -2.66027  0.00324461  0.995531  -0.0943827  0.727958  0.109264  0.0934651  0.989609  0.191044  
