<?xml version="1.0"?>
<opencv_storage>
<Pmats0 type_id="opencv-matrix">
  <rows>3</rows>
  <cols>4</cols>
  <dt>d</dt>
  <data>
    9.9975661128134108e-001 -1.6958256817209770e-002
    -1.4111545803759090e-002 9.6862399805063604e-001
    1.6428469920042481e-002 9.9918584291036616e-001
    -3.6847750319214959e-002 5.6925737145213276e-002
    1.4724930401746716e-002 3.6606950886716852e-002
    9.9922125056037570e-001 -2.4192356406699161e-001</data></Pmats0>
<Pmats1 type_id="opencv-matrix">
  <rows>3</rows>
  <cols>4</cols>
  <dt>d</dt>
  <data>
    1. 0. 0. 0. 0. 1. 0. 0. 0. 0. 1. 0.</data></Pmats1>
<Pmats2 type_id="opencv-matrix">
  <rows>3</rows>
  <cols>4</cols>
  <dt>d</dt>
  <data>
    9.9989213167542512e-001 -1.4010411385310386e-002
    -4.4083314744483579e-003 -1.2115894732053230e+000
    1.3587914112269216e-002 9.9633003440535328e-001
    -8.4509355292210972e-002 6.2436042509778444e-001
    5.5761638831585665e-003 8.4440339380191479e-002
    9.9641293422039956e-001 3.7321447798843543e-001</data></Pmats2>
<Pmats3 type_id="opencv-matrix">
  <rows>3</rows>
  <cols>4</cols>
  <dt>d</dt>
  <data>
    9.9433103954159119e-001 -8.3553637738902169e-003
    -1.0599986651097541e-001 -1.8603258521631538e+000
    -1.3541296472844538e-003 9.9583184621017429e-001
    -9.1198138174713714e-002 7.7376575663723424e-001
    1.0632003638560790e-001 9.0824677097371451e-002
    9.9017520060498443e-001 2.4478943188873714e-001</data></Pmats3>
<Pmats4 type_id="opencv-matrix">
  <rows>3</rows>
  <cols>4</cols>
  <dt>d</dt>
  <data>
    9.9400752157257743e-001 -1.3523480583371264e-002
    -1.0847194351560756e-001 -2.6602703343717962e+000
    3.2446130219885485e-003 9.9553070581761860e-001
    -9.4382658685860335e-002 7.2795798795751288e-001
    1.0926353254164685e-001 9.3465123159311395e-002
    9.8960888800037328e-001 1.9104373922615991e-001</data></Pmats4>
</opencv_storage>
