hello world
P1.JPG
P2.JPG
P3.JPG
P4.JPG
P5.JPG
P6.JPG
P7.JPG
/////////////////////////////////////////
begin make keyframe lite:50000
num is : 50000
before retain keypoints is: 20462
after retain keypoints is: 20462
keyframe 1 end
/////////////////////////////////////////
begin make keyframe lite:50000
num is : 50000
before retain keypoints is: 18517
after retain keypoints is: 18517
keyframe 2 end
begin match
[32 x 17192]  [32 x 19294]0
begin maskmatch
0
9268
[32 x 17192]  [32 x 19294]9268
end match
begin elliminate
end elliminate    9268  9268
after swap matches9268  9268
keypoints_1.size() 17192 imgpts1_good.size() 9268
keypoints_2.size() 19294 imgpts2_good.size() 9268
F keeping 4784 / 9268
9268 matches before, 4784 new matches after Fundamental Matrix
after mask match: 4784
out  match4784
=========================== Baseline triangulation ===========================
Find camera matrices...
before fundamentalMat 4784
F keeping 4368 / 4784
4784 matches before, 4368 new matches after Fundamental Matrix
after fundamentalMat 4368
K
[1024, 0, 512;
  0, 1024, 384;
  0, 0, 1]
F
[-3.635500413559713e-007, -7.187241610483056e-006, 0.007886990876626088;
  5.532455431695707e-006, -6.829277527010305e-007, 0.04523054162296736;
  -0.008516691255453332, -0.04598636627256514, 1]
det(F)
-1.68414e-021
E
[-0.3812098481648789, -7.536369058953881, 5.059535336474969;
  5.801199986745758, -0.7161016512162357, 48.94813649608536;
  -6.736246774636992, -51.12676171178973, -0.1339917171876195]
----------------------- SVD ------------------------
U:
[-0.1541165075597201, 0.08556164339203221, -0.984341052317564;
  -0.103067687011501, 0.9894162368312205, 0.1021399147681532;
  -0.9826622787060131, -0.1171952024393535, 0.143666734261989]
W:
[52.14519092071887;
  49.52623212023727;
  7.170618203263408e-013]
Vt:
[0.116603083890454, 0.9871596033607941, -0.1091770961319067;
  0.1311757435447121, 0.09365672023651647, 0.9869251962839083;
  0.9844778540590583, -0.1293999082190508, -0.1185707325615119]
----------------------------------------------------
singular value ratio: 0.949776
det(R) == -1 [-1]: flip E's sign
----------------------- SVD ------------------------
U:
[0.1541165075597201, -0.08556164339203221, 0.984341052317564;
  0.103067687011501, -0.9894162368312205, -0.1021399147681532;
  0.9826622787060131, 0.1171952024393535, -0.143666734261989]
W:
[52.14519092071887;
  49.52623212023727;
  7.170618203263408e-013]
Vt:
[0.116603083890454, 0.9871596033607941, -0.1091770961319067;
  0.1311757435447121, 0.09365672023651647, 0.9869251962839083;
  0.9844778540590583, -0.1293999082190508, -0.1185707325615119]
----------------------------------------------------
singular value ratio: 0.949776
P
[1, 0, 0, 0;
  0, 1, 0, 0;
  0, 0, 1, 0]
Testing P1 
[0.9388688678939239, -0.2262706864122626, -0.2594741323718145, 0.984341052317564;
  -0.229443449049702, -0.9731478258403974, 0.01841229888646779, -0.1021399147681532;
  -0.2566728512869235, 0.04224790565970545, -0.96557452424948, -0.143666734261989]
test branch 1
Triangulating...before triangulate: 04368
after triangulate: 4368
4368
Done. (4368points, 0.408807s, mean reproj err = 5.26006)
Triangulating...before triangulate: 04368
after triangulate: 4368
4368
Done. (4368points, 0.406476s, mean reproj err = 5.26674)
355/4368 = 8.12729% are in front of camera
P
[1, 0, 0, 0;
  0, 1, 0, 0;
  0, 0, 1, 0]
Testing P1 
[0.9388688678939239, -0.2262706864122626, -0.2594741323718145, -0.984341052317564;
  -0.229443449049702, -0.9731478258403974, 0.01841229888646779, 0.1021399147681532;
  -0.2566728512869235, 0.04224790565970545, -0.96557452424948, 0.143666734261989]
test branch 2
Triangulating...before triangulate: 04368
after triangulate: 4368
4368
Done. (4368points, 0.383915s, mean reproj err = 5.26006)
Triangulating...before triangulate: 04368
after triangulate: 4368
4368
Done. (4368points, 0.383965s, mean reproj err = 5.26674)
4013/4368 = 91.8727% are in front of camera
355/4368 = 8.12729% are in front of camera
P
[1, 0, 0, 0;
  0, 1, 0, 0;
  0, 0, 1, 0]
Testing P1 
[0.9992550658017374, -0.02847659724001074, 0.02604605304448832, 0.984341052317564;
  0.02833448084024889, 0.9995816170333989, 0.00580931014919284, -0.1021399147681532;
  -0.0262005852049082, -0.005066981204441191, 0.9996438641018082, -0.143666734261989]
test branch 3
Triangulating...before triangulate: 04368
after triangulate: 4368
4368
Done. (4368points, 0.380773s, mean reproj err = 67.5735)
Triangulating...before triangulate: 04368
after triangulate: 4368
4368
Done. (4368points, 0.377747s, mean reproj err = 69.6687)
3525/4368 = 80.7005% are in front of camera
3527/4368 = 80.7463% are in front of camera
Done. (2.51412s)
begin triangulation
p query index 1
[1, 0, 0, 0;
  0, 1, 0, 0;
  0, 0, 1, 0]
p train index 0
[0.9992550658017374, -0.02847659724001074, 0.02604605304448832, 0.984341052317564;
  0.02833448084024889, 0.9995816170333989, 0.00580931014919284, -0.1021399147681532;
  -0.0262005852049082, -0.005066981204441191, 0.9996438641018082, -0.143666734261989]
getalign
triangulate points
4368  4368  4368
Triangulating...before triangulate: 04368
after triangulate: 4368
4368
Done. (4368points, 0.402675s, mean reproj err = 67.5735)
triangulation reproj error 67.5735
test triangulate
3527/4368 = 80.7463% are in front of camera
3525/4368 = 80.7005% are in front of camera
filtered out 1403 high-error points
add in triangulation function
4368  4368  4368
Triangulating...before triangulate: 02965
after triangulate: 2965
2965
Done. (2965points, 0.271984s, mean reproj err = 4.64661)
my reproj error: 4.64661
my work begins
0/2965 points were found in other views, adding 2965 new
 after 2965
after init map size: 2965
begin track 2 map
/////////////////////////////////////////
begin make keyframe lite:50000
num is : 50000
before retain keypoints is: 19321
after retain keypoints is: 19321
train index is: 1
begin match
[32 x 18207]  [32 x 17192]0
begin maskmatch
0
9434
[32 x 18207]  [32 x 17192]9434
end match
begin elliminate
end elliminate    9434  9434
after swap matches9434  9434
keypoints_1.size() 18207 imgpts1_good.size() 9434
keypoints_2.size() 17192 imgpts2_good.size() 9434
F keeping 5161 / 9434
9434 matches before, 5161 new matches after Fundamental Matrix
after mask match: 5161
-----------------------------------------------------------------
find 2d 3d correspondences with nearest keyframe
query frame keypoints: 18207
train frame keypoints: 17192
match size: 5161
-----------------------------------------------------------------
found 2223 3d-2d point correspondences
maxVal946  5.676
solve PnP Racsac time: 20.0175
-------------------------------------------------------------------------
find pose estimation
3d point: 2223
2d point: 2223
inliers size: 2023
projected point: 2223
--------------------------------------------------------------------------
after projection and compute distance inliers size is: 2215
(2215/2223)
found t = [0.8883437774267939;
  -0.07402902564555181;
  -0.9551958811753423]
R = 
[0.9972837818535547, -0.07345559740980118, -0.00541605585650272;
  0.07359016952627526, 0.9967930014841533, 0.03143563489587554;
  0.003089563232176241, -0.03174881732257015, 0.9994911041113135]
frame pose [0.9972837818535547, -0.07345559740980118, -0.00541605585650272, 0.8883437774267939;
  0.07359016952627526, 0.9967930014841533, 0.03143563489587554, -0.07402902564555181;
  0.003089563232176241, -0.03174881732257015, 0.9994911041113135, -0.9551958811753423]
next to triangulate ,inliers size: 2215
matches size: 5161
before inliers match size: 5161
after inliers match size: 2215
begin triangulation
p query index 2
[0.9972837818535547, -0.07345559740980118, -0.00541605585650272, 0.8883437774267939;
  0.07359016952627526, 0.9967930014841533, 0.03143563489587554, -0.07402902564555181;
  0.003089563232176241, -0.03174881732257015, 0.9994911041113135, -0.9551958811753423]
p train index 1
[1, 0, 0, 0;
  0, 1, 0, 0;
  0, 0, 1, 0]
getalign
triangulate points
2215  2215  2215
Triangulating...before triangulate: 02215
after triangulate: 2215
2215
Done. (2215points, 0.203181s, mean reproj err = 27.4747)
triangulation reproj error 27.4747
test triangulate
1738/2215 = 78.465% are in front of camera
1751/2215 = 79.0519% are in front of camera
filtered out 753 high-error points
add in triangulation function
2215  2215  2215
Triangulating...before triangulate: 01462
after triangulate: 1462
1462
Done. (1462points, 0.135641s, mean reproj err = 5.97025)
my reproj error: 5.97025
my work begins
580/1462 points were found in other views, adding 882 new
before triangulation: 3847 after 3847
success using first branch
after 2 map size: 3847
begin track 3 map
/////////////////////////////////////////
begin make keyframe lite:50000
num is : 50000
before retain keypoints is: 18890
after retain keypoints is: 18890
train index is: 2
begin match
[32 x 17746]  [32 x 18207]0
begin maskmatch
0
11386
[32 x 17746]  [32 x 18207]11386
end match
begin elliminate
end elliminate    11386  11386
after swap matches11386  11386
keypoints_1.size() 17746 imgpts1_good.size() 11386
keypoints_2.size() 18207 imgpts2_good.size() 11386
F keeping 9759 / 11386
11386 matches before, 9759 new matches after Fundamental Matrix
after mask match: 9759
-----------------------------------------------------------------
find 2d 3d correspondences with nearest keyframe
query frame keypoints: 17746
train frame keypoints: 18207
match size: 9759
-----------------------------------------------------------------
found 1213 3d-2d point correspondences
maxVal650  3.9
solve PnP Racsac time: 738.279
-------------------------------------------------------------------------
find pose estimation
3d point: 1213
2d point: 1213
inliers size: 943
projected point: 1213
--------------------------------------------------------------------------
after projection and compute distance inliers size is: 1201
(1201/1213)
found t = [0.7796538834367819;
  0.1410628551962301;
  -2.23055741883784]
R = 
[0.999352290717205, -0.03138738410677341, -0.01760202139553682;
  0.03142914897906475, 0.9995037739199151, 0.002101074558178056;
  0.01752733957926364, -0.002652930225455892, 0.9998428648185134]
frame pose [0.999352290717205, -0.03138738410677341, -0.01760202139553682, 0.7796538834367819;
  0.03142914897906475, 0.9995037739199151, 0.002101074558178056, 0.1410628551962301;
  0.01752733957926364, -0.002652930225455892, 0.9998428648185134, -2.23055741883784]
next to triangulate ,inliers size: 1201
matches size: 9759
before inliers match size: 9759
after inliers match size: 1201
begin triangulation
p query index 3
[0.999352290717205, -0.03138738410677341, -0.01760202139553682, 0.7796538834367819;
  0.03142914897906475, 0.9995037739199151, 0.002101074558178056, 0.1410628551962301;
  0.01752733957926364, -0.002652930225455892, 0.9998428648185134, -2.23055741883784]
p train index 2
[0.9972837818535547, -0.07345559740980118, -0.00541605585650272, 0.8883437774267939;
  0.07359016952627526, 0.9967930014841533, 0.03143563489587554, -0.07402902564555181;
  0.003089563232176241, -0.03174881732257015, 0.9994911041113135, -0.9551958811753423]
getalign
triangulate points
1201  1201  1201
Triangulating...before triangulate: 01201
after triangulate: 1201
1201
Done. (1201points, 0.112093s, mean reproj err = 11.1027)
triangulation reproj error 11.1027
test triangulate
23/1201 = 1.91507% are in front of camera
Triangulation did not succeed
begin second branch
begin find 2d 3d corresponddences with triangulation
after cloudpoints to points3847  3847
after projecting points
0.63692  -6.83816  33.9675  0.63692  -6.83816  33.9675  545.302  171.135
-0.177612  -5.61166  29.916  -0.177612  -5.61166  29.916  521.308  183.932
0.86988  -5.69378  30.5201  0.86988  -5.69378  30.5201  558.669  186.599
0.253549  -5.99172  32.1364  0.253549  -5.99172  32.1364  534.431  186.457
0.164267  -6.46717  34.842  0.164267  -6.46717  34.842  528.745  188.009
0.412152  -7.02363  38.0893  0.412152  -7.02363  38.0893  533.164  190.32
0.937353  -5.63247  30.6663  0.937353  -5.63247  30.6663  560.692  189.912
0.0814928  -5.41996  29.652  0.0814928  -5.41996  29.652  531.01  189.471
1.41124  -6.12824  33.7497  1.41124  -6.12824  33.7497  570.032  193.547
2.20077  -6.52355  35.9522  2.20077  -6.52355  35.9522  589.347  194.962
-0.316685  -5.56781  30.637  -0.316685  -5.56781  30.637  515.556  190.467
0.322946  -5.86941  32.319  0.322946  -5.86941  32.319  536.414  191.906
0.353509  -5.28661  29.0676  0.353509  -5.28661  29.0676  542.02  190.632
0.270857  -6.28054  34.93  0.270857  -6.28054  34.93  531.801  194.494
0.821242  -5.66662  31.7743  0.821242  -5.66662  31.7743  554.214  195.943
1.29908  -6.12987  34.4056  1.29908  -6.12987  34.4056  564.925  197.292
1.35576  -6.09642  34.2158  1.35576  -6.09642  34.2158  567.122  197.305
0.210874  -5.843  32.8805  0.210874  -5.843  32.8805  531.87  196.214
0.59365  -5.67154  31.9018  0.59365  -5.67154  31.9018  546.122  196.318
0.436175  -6.13899  34.699  0.436175  -6.13899  34.699  537.136  197.769
0.837083  -6.18249  35.0123  0.837083  -6.18249  35.0123  549.267  198.645
1.31777  -6.68964  37.9278  1.31777  -6.68964  37.9278  558.968  199.899
1.92405  -6.70033  38.1592  1.92405  -6.70033  38.1592  575.792  201.389
-0.0336002  -5.73215  32.5438  -0.0336002  -5.73215  32.5438  523.926  197.558
1.25572  -6.10684  34.8471  1.25572  -6.10684  34.8471  562.585  200.521
1.81236  -5.61304  32.197  1.81236  -5.61304  32.197  587.083  201.62
-1.82583  -4.94607  28.178  -1.82583  -4.94607  28.178  457.263  194.372
-0.874464  -6.53119  37.2812  -0.874464  -6.53119  37.2813  496.062  198.873
-0.691324  -5.0883  29.0577  -0.691324  -5.0883  29.0577  501.96  196.738
-0.330723  -5.31916  30.3307  -0.330723  -5.31916  30.3307  514.996  197.368
0.177295  -6.85207  39.2386  0.177295  -6.85207  39.2386  525.31  200.913
0.50315  -6.06261  34.6452  0.50315  -6.06261  34.6452  539.245  199.939
0.601284  -5.6111  32.087  0.601284  -5.6111  32.087  545.995  199.574
2.31281  -7.30486  42.0131  2.31281  -7.30486  42.0131  578.339  204.082
1.80767  -5.78362  33.2584  1.80767  -5.78362  33.2584  583.923  202.302
0.599108  -5.99831  34.4652  0.599108  -5.99831  34.4652  542.476  201.045
-0.365896  -6.35936  36.787  -0.365896  -6.35936  36.787  510.995  201.803
-0.0555972  -5.97122  34.4497  -0.0555972  -5.97122  34.4497  521.695  201.097
0.0095055  -5.94794  34.3126  0.0095055  -5.94794  34.3126  523.866  201.12
0.212544  -5.57018  32.1465  0.212544  -5.57018  32.1465  532.564  200.883
1.31545  -7.03036  40.7358  1.31545  -7.03036  40.7358  554.455  204.421
1.73833  -6.6187  38.4506  1.73833  -6.6187  38.4506  569.827  204.996
2.15627  -6.48119  37.7364  2.15627  -6.48119  37.7364  583.244  205.729
0.596222  -6.74659  39.1478  0.596222  -6.74659  39.1478  536.898  203.78
1.75376  -5.79424  33.8875  1.75376  -5.79424  33.8875  580.411  205.547
-1.21772  -5.80619  33.8702  -1.21772  -5.80619  33.8702  484.441  201.744
0.0439734  -5.88262  34.3194  0.0439734  -5.88262  34.3194  524.892  203.279
0.991808  -7.12673  41.6561  0.991808  -7.12673  41.6561  544.734  205.87
-1.77589  -4.83588  28.3313  -1.77589  -4.83588  28.3313  459.305  199.889
-1.07231  -5.50456  32.2154  -1.07231  -5.50456  32.2154  488.557  202.031
-0.848995  -5.22199  30.5722  -0.848995  -5.22199  30.5722  495.99  201.836
-0.218367  -5.94766  34.9087  -0.218367  -5.94766  34.9087  516.187  204.256
1.32327  -6.93493  40.8741  1.32327  -6.93493  40.8741  554.366  207.601
1.24732  -6.24941  36.766  1.24732  -6.24941  36.766  558.661  206.596
-0.727985  -5.16186  30.3882  -0.727985  -5.16186  30.3882  500.334  202.968
0.896068  -6.67253  39.4806  0.896068  -6.67253  39.4806  544.679  207.725
-0.849053  -5.17558  30.6494  -0.849053  -5.17558  30.6494  495.93  204.007
-0.585959  -5.52827  32.7807  -0.585959  -5.52827  32.7807  504.981  205.207
-0.521966  -5.50767  32.6557  -0.521966  -5.50767  32.6557  507.157  205.231
-0.310556  -5.65588  33.5064  -0.310556  -5.65588  33.5064  513.867  205.541
-0.0864844  -6.06096  35.9618  -0.0864844  -6.06096  35.9618  519.601  206.635
0.0832262  -6.00559  35.6252  0.0832262  -6.00559  35.6252  525.004  206.702
0.339007  -5.40885  32.1106  0.339007  -5.40885  32.1106  536.765  206.331
0.610984  -5.84521  34.7497  0.610984  -5.84521  34.7497  542.275  207.489
1.29203  -5.94465  35.4927  1.29203  -5.94465  35.4927  562.214  209.141
2.13727  -8.25491  49.3808  2.13727  -8.25491  49.3808  562.014  211.775
2.09654  -6.29876  37.639  2.09654  -6.29876  37.639  581.604  210.437
2.07919  -5.39244  32.3587  2.07919  -5.39244  32.3587  595.388  210.401
-1.26333  -5.0188  29.9354  -1.26333  -5.0188  29.9354  480.484  204.575
0.719846  -6.6763  39.9723  0.719846  -6.6763  39.9723  539.25  209.781
1.25944  -6.87019  41.2048  1.25944  -6.87019  41.2048  552.128  210.755
-0.910507  -5.14704  30.8379  -0.910507  -5.14704  30.8379  493.686  206.153
-0.814215  -5.28808  31.7555  -0.814215  -5.28808  31.7555  497.187  206.975
-0.453843  -5.91639  35.5478  -0.453843  -5.91639  35.5478  508.499  208.455
-0.285602  -6.3013  37.8147  -0.285602  -6.3013  37.8147  512.76  208.874
0.204297  -6.56235  39.4439  0.204297  -6.56235  39.4439  525.629  209.921
0.659602  -6.856  41.2797  0.659602  -6.856  41.2797  536.305  210.922
1.07684  -6.5047  39.1555  1.07684  -6.5047  39.1555  549.983  210.974
1.65251  -7.72548  46.6698  1.65251  -7.72548  46.6698  554.637  212.941
1.54368  -6.70998  40.4661  1.54368  -6.70998  40.4661  560.711  211.914
-0.97253  -5.14164  30.9888  -0.97253  -5.14164  30.9888  491.473  207.213
-0.626706  -5.20384  31.4252  -0.626706  -5.20384  31.4252  503.706  208.127
-0.0585647  -6.60691  39.9596  -0.0585647  -6.60691  39.9596  518.109  210.876
0.902767  -6.54007  39.6094  0.902767  -6.54007  39.6094  544.574  211.968
-1.35868  -4.98283  30.2503  -1.35868  -4.98283  30.2503  477.109  207.81
-0.53796  -5.613  34.0482  -0.53796  -5.613  34.0482  506.172  209.743
0.390647  -6.29975  38.3146  0.390647  -6.29975  38.3146  531.667  212.033
1.08043  -6.43879  39.2183  1.08043  -6.43879  39.2183  549.93  213.096
1.47958  -6.67655  40.7462  1.47958  -6.67655  40.7462  558.498  214.008
-1.02051  -5.76645  35.313  -1.02051  -5.76645  35.313  490.923  211.227
-0.879972  -5.49068  33.5379  -0.879972  -5.49068  33.5379  495.062  210.48
-0.68168  -5.42963  33.1561  -0.68168  -5.42963  33.1561  501.576  210.557
-0.0203267  -6.03061  36.831  -0.0203267  -6.03061  36.831  520.886  212.107
1.78974  -6.50486  39.9197  1.78974  -6.50486  39.9197  568.171  215.182
-0.396861  -5.97363  36.732  -0.396861  -5.97363  36.732  509.744  212.914
-0.196506  -6.04897  37.1734  -0.196506  -6.04897  37.1734  515.481  213.098
0.558807  -6.31256  38.9543  0.558807  -6.31256  38.9543  535.704  214.868
3.33572  -7.47041  46.3797  3.33572  -7.47041  46.3797  593.774  219.045
2.72669  -5.50214  34.3604  2.72669  -5.50214  34.3605  609.748  218.552
4.85318  -7.27731  44.9283  4.85318  -7.27731  44.9283  633.25  219.239
-1.43509  -4.56267  28.1584  -1.43509  -4.56267  28.1584  472.205  209.9
-1.25176  -5.09175  31.345  -1.25176  -5.09175  31.345  481.625  210.819
-1.74198  -4.513  27.9615  -1.74198  -4.513  27.9615  459.751  210.106
-1.13887  -5.25704  32.6279  -1.13887  -5.25704  32.6279  486.126  212.786
-0.569654  -5.50767  34.2191  -0.569654  -5.50767  34.2191  504.987  214.019
-0.159567  -5.9715  37.1402  -0.159567  -5.9715  37.1402  516.513  215.24
0.258544  -5.85027  36.3644  0.258544  -5.85027  36.3644  529.44  215.42
1.04431  -6.05735  37.8098  1.04431  -6.05735  37.8098  550.762  217.175
0.953113  -5.15247  32.126  0.953113  -5.15247  32.126  557.462  215.914
1.52485  -6.52922  40.8146  1.52485  -6.52922  40.8146  559.46  218.257
-1.07328  -5.21209  32.5424  -1.07328  -5.21209  32.5424  488.272  213.891
-0.878886  -5.15912  32.2025  -0.878886  -5.15912  32.2025  494.792  213.974
-0.447934  -6.01951  37.6825  -0.447934  -6.01951  37.6825  507.889  216.183
0.0872762  -5.86727  36.7015  0.0872762  -5.86727  36.7015  524.027  216.41
0.53941  -6.20936  38.9  0.53941  -6.20936  38.9  535.134  217.473
0.892611  -6.51934  40.9211  0.892611  -6.51934  40.9211  542.575  218.407
3.99716  -8.28791  52.4931  3.99716  -8.28791  52.4931  595.601  223.182
2.86772  -5.74694  36.4176  2.86772  -5.74694  36.4176  607.23  221.449
-1.59635  -4.76985  29.9543  -1.59635  -4.76985  29.9543  467.896  213.467
-1.4385  -4.5024  28.2951  -1.4385  -4.5024  28.2951  472.11  213.187
-0.691755  -5.61982  35.3362  -0.691755  -5.61981  35.3362  500.949  216.231
4.73915  -9.36285  59.7795  4.73915  -9.36285  59.7795  596.506  225.151
-1.13195  -4.99155  31.5712  -1.13195  -4.99155  31.5712  485.793  215.81
-0.263826  -6.42183  40.7691  -0.263826  -6.42183  40.7691  511.999  219.281
-0.193328  -5.88029  37.2521  -0.193328  -5.88029  37.2521  515.371  218.416
0.00821689  -5.90624  37.3977  0.00821689  -5.90624  37.3977  521.169  218.557
0.205376  -5.70767  36.2567  0.205376  -5.70767  36.2567  527.819  219.111
0.782795  -6.48237  41.1993  0.782795  -6.48237  41.1993  539.317  220.475
1.07868  -6.38331  40.553  1.07868  -6.38331  40.553  547.89  220.596
1.6558  -6.628  42.181  1.6558  -6.628  42.181  560.65  221.581
-1.4997  -4.47727  28.4873  -1.4997  -4.47727  28.4873  469.851  215.351
-1.35898  -5.02886  32.0146  -1.35898  -5.02886  32.0146  478.147  216.796
-0.910752  -5.08683  32.3422  -0.910752  -5.08683  32.3422  493.627  217.192
0.412547  -5.34863  34.09  0.412547  -5.34863  34.09  536.407  219.51
2.8604  -5.74713  37.1025  2.8604  -5.74713  37.1025  604.795  224.665
-0.62118  -5.50663  35.269  -0.62118  -5.50663  35.269  503.039  219.466
0.00944521  -5.83572  37.413  0.00944521  -5.83572  37.413  521.128  220.681
0.243795  -5.81874  37.2858  0.243795  -5.81874  37.2858  528.049  220.81
-1.17265  -5.10126  32.8534  -1.17265  -5.10126  32.8534  484.89  219.231
-1.01488  -5.45547  35.1943  -1.01488  -5.45547  35.1943  490.783  220.257
-0.205879  -5.85578  37.7901  -0.205879  -5.85578  37.7901  514.664  221.646
0.38802  -6.13389  39.6403  0.38802  -6.13389  39.6403  530.118  222.73
0.57217  -6.08482  39.3122  0.57217  -6.08482  39.3122  535.473  222.813
1.30213  -6.355  41.1115  1.30213  -6.355  41.1115  552.965  223.917
-0.400112  -6.30083  41.0229  -0.400112  -6.30083  41.0229  508.185  223.44
0.103212  -5.78033  37.5169  0.103212  -5.78033  37.5169  523.716  222.866
0.314076  -6.11531  39.7753  0.314076  -6.11531  39.7753  527.958  223.755
0.684514  -4.94074  31.9904  0.684514  -4.94074  31.9904  548.301  222.096
-1.17344  -5.17365  33.7277  -1.17344  -5.17366  33.7277  485.19  221.511
-0.816948  -5.54222  36.1758  -0.816948  -5.54222  36.1758  496.927  222.644
-0.112089  -5.79471  37.8627  -0.112089  -5.79471  37.8627  517.26  223.826
-0.0168667  -5.42982  35.3871  -0.0168667  -5.42982  35.3871  521.582  223.068
0.426324  -6.04781  39.5805  0.426324  -6.04781  39.5805  531.151  224.862
0.430481  -5.62191  36.7064  0.430481  -5.62191  36.7064  533.975  224.061
1.00342  -5.82337  38.0835  1.00342  -5.82337  38.0835  548.955  225.095
2.85454  -6.9148  45.5888  2.85454  -6.9148  45.5888  583.858  228.705
2.9311  -6.35569  41.9166  2.9311  -6.35569  41.9166  593.681  228.619
3.23669  -6.47955  42.8433  3.23669  -6.47955  42.8433  599.183  229.354
-0.818855  -6.21623  41.032  -0.818855  -6.21623  41.032  497.066  225.331
-0.639014  -5.46583  35.8958  -0.639014  -5.46583  35.8958  502.289  223.79
3.90691  -8.53472  56.8589  3.90691  -8.53472  56.8589  585.951  231.512
3.02065  -5.32294  35.5927  3.02065  -5.32294  35.5927  614.294  230.523
-2.13529  -4.26337  28.2329  -2.13529  -4.26337  28.2329  444.287  221.244
-0.988443  -4.1425  27.1837  -0.988443  -4.1425  27.1837  489.149  220.877
-0.341899  -5.41032  35.7371  -0.341899  -5.41032  35.7371  511.351  225.026
-0.167294  -5.70341  37.7547  -0.167294  -5.70341  37.7547  515.658  225.907
0.127203  -6.04827  40.1137  0.127203  -6.04827  40.1137  522.553  226.842
0.885914  -5.87633  38.9238  0.885914  -5.87633  38.9238  544.47  227.193
0.973303  -5.84819  38.7305  0.973303  -5.84819  38.7305  547.159  227.224
1.32157  -6.68167  44.4568  1.32157  -6.68167  44.4568  549.014  228.866
1.45244  -6.54099  43.5137  1.45244  -6.54099  43.5137  553.4  228.87
3.54935  -6.97488  46.6754  3.54935  -6.97488  46.6754  597.66  231.711
-1.46232  -4.87433  32.4418  -1.46232  -4.87433  32.4418  474.702  224.308
-0.610586  -5.77583  38.509  -0.610586  -5.77583  38.509  502.767  226.769
-0.0381344  -5.66748  37.7486  -0.0381344  -5.66748  37.7486  519.349  227.041
0.757904  -5.85667  39.053  0.757904  -5.85667  39.053  540.722  228.175
-1.4304  -5.93287  39.8639  -1.4304  -5.93287  39.8639  480.28  227.477
0.127977  -6.34365  42.7383  0.127977  -6.34365  42.7383  520.956  229.702
0.27787  -5.92053  39.7691  0.27787  -5.92053  39.7691  526.811  229.001
0.422103  -5.52474  37.01  0.422103  -5.52474  37.01  533.29  228.324
0.620459  -5.79014  38.8805  0.620459  -5.79014  38.8805  537.051  229.157
0.850912  -5.80802  38.9771  0.850912  -5.80802  38.9771  543.364  229.291
3.68477  -7.63015  51.7009  3.68477  -7.63015  51.7009  590.36  233.938
3.72473  -7.30677  49.5154  3.72473  -7.30677  49.5154  595.451  233.93
3.79027  -5.99694  40.9378  3.79027  -5.99694  40.9378  618.54  234.881
-1.76561  -4.54731  30.6208  -1.76561  -4.54731  30.6208  462.145  225.34
-0.274937  -5.62209  37.9578  -0.274937  -5.62209  37.9578  512.379  229.041
-0.145854  -5.61841  37.921  -0.145854  -5.61841  37.921  516.095  229.111
2.39989  -6.2253  42.1736  2.39989  -6.2253  42.1736  579.363  232.503
-2.06187  -4.08582  27.6883  -2.06187  -4.08582  27.6883  445.956  224.958
-1.60734  -4.48436  30.3881  -1.60734  -4.48436  30.3881  467.571  226.496
-1.50207  -4.61619  31.2542  -1.50207  -4.61619  31.2542  472.223  226.74
-0.970653  -5.30621  36.0277  -0.970653  -5.30621  36.0277  492.059  228.914
-0.863389  -5.27998  35.8436  -0.863389  -5.27998  35.8436  495.291  228.962
-0.556185  -6.03057  41.1061  -0.556185  -6.03057  41.1061  503.823  230.76
0.722388  -5.74638  39.0825  0.722388  -5.74638  39.0825  539.604  231.328
1.53084  -6.41164  43.7828  1.53084  -6.41164  43.7828  554.844  233.135
4.79614  -9.25682  63.8582  4.79614  -9.25682  63.8582  590.62  237.578
3.02928  -5.37108  37.1136  3.02928  -5.37108  37.1136  609.355  235.895
-1.51383  -4.93102  33.6744  -1.51383  -4.93102  33.6744  473.837  228.752
-0.337107  -5.92639  40.6481  -0.337107  -5.92639  40.6481  509.689  231.881
-0.181299  -5.55238  37.9776  -0.181299  -5.55238  37.9776  514.986  231.214
-0.0722161  -5.52817  37.8051  -0.0722161  -5.52817  37.8051  518.203  231.266
0.073004  -5.87017  40.2351  0.073004  -5.87017  40.2351  520.852  232.094
0.243654  -5.82587  39.9227  0.243654  -5.82587  39.9227  525.668  232.178
0.467422  -5.77061  39.5297  0.467422  -5.77061  39.5297  532.089  232.28
1.22324  -6.48947  44.6347  1.22324  -6.48947  44.6347  546.269  234.077
1.69088  -5.74487  39.3765  1.69088  -5.74487  39.3765  565.883  233.501
-2.03628  -4.03792  27.7273  -2.03628  -4.03792  27.7273  446.998  227.164
-1.60052  -4.77533  32.8534  -1.60052  -4.77533  32.8534  470.232  229.636
-0.725993  -5.28745  36.3532  -0.725993  -5.28745  36.3532  499.4  231.227
-0.634058  -6.89219  47.8532  -0.634058  -6.89219  47.8532  501.227  234.356
-0.420762  -5.55847  38.2889  -0.420762  -5.55847  38.2889  508.015  232.147
1.26987  -5.96117  41.1622  1.26987  -5.96117  41.1622  551.718  234.44
3.36092  -6.3676  44.2204  3.36091  -6.3676  44.2204  598.672  237.314
-1.9476  -4.30401  29.7982  -1.9476  -4.30401  29.7982  454.141  229.345
-1.27564  -4.92567  34.0634  -1.27564  -4.92567  34.0634  481.744  231.109
-1.19262  -5.16182  35.7822  -1.19262  -5.16182  35.7822  485.131  231.936
-1.10375  -5.30169  36.7255  -1.10375  -5.30169  36.7255  488.143  232.094
-0.926586  -4.92525  34.0299  -0.926586  -4.92525  34.0299  492.972  231.342
0.540221  -5.66603  39.3311  0.540221  -5.66603  39.3311  534.209  234.408
1.10998  -5.8461  40.6535  1.10998  -5.8461  40.6535  548.133  235.351
2.53068  -6.49577  45.3174  2.53068  -6.49577  45.3174  576.441  237.389
2.68779  -6.4584  45.0448  2.68779  -6.4584  45.0448  580.683  237.463
3.48881  -6.10219  42.8105  3.48881  -6.10219  42.8105  605.31  238.942
-1.34486  -4.91074  34.1944  -1.34486  -4.91074  34.1944  479.56  232.148
-0.326768  -5.47254  38.2054  -0.326768  -5.47254  38.2053  510.645  234.324
1.25906  -5.77576  40.4279  1.25906  -5.77576  40.4279  552.382  236.479
1.99813  -5.88408  41.2536  1.99813  -5.88408  41.2536  570.583  237.463
4.55117  -7.95856  56.2551  4.55117  -7.95856  56.2551  598.805  241.094
-1.93471  -4.43597  31.1012  -1.93471  -4.43597  31.1012  456.546  231.763
-1.6549  -4.84696  34.0126  -1.6549  -4.84696  34.0126  469.418  232.98
-1.5498  -4.82235  33.8341  -1.5498  -4.82235  33.8341  472.662  233.028
-0.564743  -5.1577  36.1763  -0.564743  -5.1577  36.1763  504.168  234.496
-0.0728964  -5.34657  37.5649  -0.0728964  -5.34657  37.5649  518.183  235.47
0.242685  -5.64669  39.7558  0.242685  -5.64669  39.7558  525.629  236.376
1.0345  -5.77572  40.7222  1.0345  -5.77572  40.7222  545.974  237.421
1.63606  -6.00647  42.4261  1.63606  -6.00647  42.4261  559.248  238.37
2.48963  -6.41084  45.345  2.48963  -6.41084  45.345  575.353  239.464
3.30911  -6.84067  48.4671  3.30911  -6.84067  48.4671  588.254  240.47
3.81545  -7.36553  52.3115  3.81545  -7.36553  52.3115  591.68  241.279
-2.34807  -4.02084  28.3815  -2.34807  -4.02084  28.3815  435.923  231.398
-1.08461  -4.9093  34.6218  -1.08461  -4.9093  34.6218  487.979  234.506
-1.02924  -5.18153  36.6309  -1.02924  -5.18153  36.6309  490.232  235.321
-0.773315  -6.23159  44.3671  -0.773315  -6.23159  44.3671  497.94  237.724
-0.437165  -5.42107  38.3759  -0.437165  -5.42107  38.3759  507.395  236.391
0.666309  -5.41779  38.3834  0.666309  -5.41779  38.3834  538.609  237.575
0.785872  -5.16477  36.4794  0.785872  -5.16477  36.4794  544.42  236.997
1.18428  -5.70574  40.4964  1.18428  -5.70574  40.4964  550.223  238.549
1.87714  -6.00176  42.6659  1.87714  -6.00176  42.6659  564.948  239.572
-2.01835  -4.22718  30.0788  -2.01835  -4.22718  30.0788  451.849  233.663
-1.67722  -4.02819  28.5662  -1.67722  -4.02819  28.5662  462.464  233.087
-1.34472  -4.81798  34.2455  -1.34472  -4.81798  34.2455  479.494  235.359
-0.0396309  -5.65437  40.3835  -0.0396309  -5.65437  40.3835  517.546  238.376
0.194232  -4.63878  32.8526  0.194232  -4.63878  32.8526  530.088  236.237
0.503531  -6.32109  45.3525  0.503531  -6.32109  45.3525  528.211  240.02
1.12973  -6.10726  43.7763  1.12973  -6.10726  43.7763  544.753  240.265
3.32893  -6.73709  48.4027  3.32893  -6.73709  48.4027  588.752  242.574
4.07905  -6.75086  48.6111  4.07905  -6.75086  48.6111  604.836  243.475
-2.81639  -4.17206  29.9684  -2.81639  -4.17206  29.9684  422.098  234.088
-2.11709  -4.22618  30.2861  -2.11709  -4.22618  30.2861  448.55  234.704
0.844622  -5.6831  40.9277  0.844622  -5.6831  40.9277  540.606  240.487
1.17885  -5.71936  41.296  1.17885  -5.71936  41.296  548.941  241.207
1.90179  -5.82431  41.9873  1.90179  -5.82431  41.9873  566.648  241.656
2.86124  -6.64373  48.1043  2.86124  -6.64373  48.1043  578.897  243.368
3.10465  -6.75169  48.8654  3.10465  -6.75169  48.8654  582.915  243.51
3.9752  -6.31947  45.8452  3.9752  -6.31947  45.8452  609.11  244.463
-2.29763  -4.11384  29.6141  -2.29763  -4.11384  29.6141  440.538  234.957
-2.1707  -4.08711  29.4152  -2.1707  -4.08711  29.4152  444.905  235.019
-2.00555  -4.34856  31.3471  -2.00555  -4.34856  31.3471  454.271  236.057
-0.490321  -6.0858  44.23  -0.490321  -6.0858  44.23  504.738  241.025
-0.269379  -5.2624  38.0286  -0.269379  -5.2624  38.0286  512.179  239.636
2.16131  -6.07884  44.2478  2.16131  -6.07884  44.2478  569.245  243.443
2.46686  -6.13565  44.6336  2.46686  -6.13565  44.6336  575.961  243.62
3.52387  -6.57653  47.9048  3.52387  -6.57653  47.9048  594.027  244.75
-2.76718  -4.48829  32.6241  -2.76718  -4.48829  32.6241  430.385  236.788
-2.69349  -4.80625  34.9984  -2.69349  -4.80625  34.9984  437.619  237.761
-1.69207  -4.70594  34.1934  -1.69207  -4.70594  34.1934  468.223  238.324
-1.55226  -4.83258  35.0807  -1.55226  -4.83258  35.0807  473.404  238.52
-0.829954  -5.02754  36.5324  -0.829954  -5.02754  36.5324  496.025  239.684
1.38644  -5.7193  41.8633  1.38644  -5.7193  41.8633  553.507  243.462
1.78645  -5.75657  42.1001  1.78645  -5.75657  42.1001  563.434  243.7
-2.35398  -4.20691  30.8034  -2.35398  -4.20691  30.8034  440.847  237.851
-2.1421  -4.32612  31.6363  -2.1421  -4.32612  31.6363  449.875  238.154
-0.435175  -5.18163  37.9939  -0.435175  -5.18163  37.9939  507.38  241.643
-0.40321  -5.97826  44.0675  -0.40321  -5.97826  44.0675  506.828  243.164
-0.305199  -5.1932  38.0678  -0.305199  -5.1932  38.0678  511.074  241.737
0.120624  -5.03971  36.9164  0.120624  -5.03971  36.9164  524.059  241.897
0.375973  -5.06356  37.0698  0.375973  -5.06356  37.0698  531.444  242.086
0.945267  -5.61929  41.4686  0.945267  -5.61929  41.4686  542.534  244.245
-2.97845  -4.31795  31.8758  -2.97845  -4.31795  31.8758  421.277  238.653
-2.52963  -4.08782  30.0703  -2.52963  -4.08782  30.0703  432.835  238.104
-1.56197  -4.96038  36.6334  -1.56197  -4.96038  36.6334  474.164  241.373
-1.16371  -4.68847  34.499  -1.16371  -4.68847  34.499  485.225  240.848
-0.869635  -7.01622  52.4155  -0.869635  -7.01622  52.4155  495.842  245.463
1.93665  -5.64167  41.8448  1.93665  -5.64167  41.8448  567.66  245.879
-0.774476  -4.9111  36.4559  -0.774476  -4.9111  36.4559  497.58  242.894
0.200965  -4.89385  36.3657  0.200965  -4.89385  36.3657  526.814  244.022
0.577854  -5.42715  40.5333  0.577854  -5.42715  40.5333  533.752  245.58
1.30734  -5.59808  41.8797  1.30734  -5.59808  41.8797  551.346  246.578
1.34963  -5.21792  38.9155  1.34963  -5.21792  38.9155  556.824  245.945
2.10053  -5.64807  42.1818  2.10053  -5.64808  42.1818  571.234  247.039
2.72824  -6.41598  48.1668  2.72824  -6.41598  48.1668  575.668  248.528
3.98747  -6.78712  51.0201  3.98747  -6.78712  51.0201  597.481  249.683
-2.27388  -3.9861  29.7339  -2.27388  -3.9861  29.7339  441.507  240.403
0.362862  -4.60266  34.3389  0.362862  -4.60266  34.3389  533.751  244.505
0.764511  -5.25944  39.5605  0.764511  -5.25944  39.5605  539.756  246.686
0.868174  -5.1423  38.6776  0.868174  -5.1423  38.6776  543.668  246.695
1.80235  -5.47803  41.2424  1.80235  -5.47803  41.2424  565.147  247.884
-2.22164  -4.07756  30.6112  -2.22164  -4.07756  30.6112  445.123  241.677
-2.1812  -4.22769  31.8242  -2.1812  -4.22769  31.8242  448.693  242.455
-2.07961  -4.20607  31.6558  -2.07961  -4.20607  31.6558  451.95  242.505
-1.28476  -4.92029  37.1019  -1.28476  -4.92029  37.1019  482.537  244.772
-0.638702  -5.10117  38.5188  -0.638702  -5.10117  38.5188  501.374  245.808
0.0610871  -5.70241  43.2456  0.0610871  -5.70241  43.2456  518.452  247.571
0.585595  -5.58755  42.3359  0.585595  -5.58755  42.3359  532.291  247.811
1.31264  -5.14113  38.9121  1.31264  -5.14113  38.9121  555.733  248.037
2.32266  -5.974  45.3999  2.32266  -5.974  45.3999  570.977  249.858
3.13038  -5.8604  44.471  3.13038  -5.8604  44.471  592.101  250.272
-2.41591  -3.70673  28.0106  -2.41592  -3.70673  28.0106  431.992  241.56
-2.63543  -4.29544  32.5986  -2.63543  -4.29544  32.5986  434.578  243.319
-1.81466  -4.1228  31.243  -1.81466  -4.1228  31.243  460.622  243.715
-1.80808  -4.63157  35.1385  -1.80808  -4.63157  35.1385  465.277  244.763
0.246357  -5.20388  39.6326  0.246357  -5.20388  39.6326  525.454  247.995
1.11972  -5.02883  38.3667  1.11972  -5.02883  38.3667  551.109  248.947
3.33135  -6.23067  47.7728  3.33135  -6.23067  47.7728  589.761  251.953
-2.74624  -3.66654  28.0497  -2.74624  -3.66654  28.0497  418.903  242.931
-2.11576  -4.15994  31.776  -2.11576  -4.15995  31.776  450.816  244.646
-1.51083  -4.89402  37.47  -1.51083  -4.89402  37.47  476.06  246.79
-0.935298  -4.79912  36.7004  -0.935298  -4.79912  36.7004  492.673  247.073
-0.586858  -5.35715  41.1676  -0.586858  -5.35715  41.1676  502.445  248.673
-0.169813  -5.29147  40.6327  -0.169813  -5.29147  40.6327  513.622  248.884
0.615793  -5.25158  40.397  0.615793  -5.25158  40.397  534.763  249.816
1.43945  -5.28886  40.7513  1.43945  -5.28886  40.7513  556.273  250.818
1.66411  -5.2589  40.5013  1.66411  -5.2589  40.5013  562.651  250.937
2.34913  -5.67134  43.7516  2.34913  -5.67134  43.7516  574.448  251.926
4.18249  -6.61733  51.2235  4.18249  -6.61733  51.2235  601.003  253.925
-2.99054  -4.48581  34.6719  -2.99054  -4.48581  34.6719  427.336  246.067
-2.39197  -4.19005  32.2616  -2.39197  -4.19005  32.2616  442.114  245.591
-1.01063  -4.49813  34.5702  -1.01063  -4.49813  34.5702  489.902  247.356
-0.338647  -4.93276  38.0668  -0.338647  -4.93276  38.0668  509.886  249.136
0.270372  -5.15116  39.8201  0.270372  -5.15116  39.82  525.906  250.14
0.842341  -5.17571  40.0958  0.842341  -5.17571  40.0958  541.139  250.988
2.84672  -6.01017  46.8273  2.84672  -6.01017  46.8273  580.54  253.79
3.57844  -6.12548  47.6579  3.57844  -6.12548  47.6579  595.479  254.167
-2.06699  -4.35736  33.7325  -2.06699  -4.35736  33.7325  455.289  247.078
-1.88829  -4.26402  33.01  -1.88829  -4.26402  33.01  460.234  247.117
-1.13427  -4.74915  36.8864  -1.13427  -4.74915  36.8864  486.754  249.097
-0.897907  -4.72077  36.6454  -0.897907  -4.72077  36.6454  493.71  249.218
0.366563  -4.70071  36.502  0.366563  -4.70071  36.502  531.444  250.519
1.10233  -5.09526  39.7516  1.10233  -5.09526  39.7516  548.585  252.18
1.40026  -5.20718  40.7378  1.40026  -5.20718  40.7378  555.187  252.904
1.45342  -4.9582  38.6577  1.45342  -4.9582  38.6577  559.951  252.34
1.98412  -5.23313  40.8847  1.98412  -5.23313  40.8847  570.405  253.244
-2.75729  -3.60424  28.2015  -2.75729  -3.60424  28.2015  418.828  246.213
-2.57096  -4.17097  32.6137  -2.57096  -4.17097  32.6137  436.652  247.661
-2.46843  -4.262  33.2974  -2.46843  -4.262  33.2974  441.395  247.824
-0.0179849  -4.72097  36.9702  -0.0179849  -4.72097  36.9702  519.636  251.367
0.247609  -5.04301  39.5838  0.247609  -5.04301  39.5838  525.391  252.221
1.08956  -4.79961  37.6122  1.08956  -4.79961  37.6122  551.248  252.618
1.75508  -5.40443  42.5603  1.75508  -5.40443  42.5603  561.568  254.222
1.99883  -5.33175  42.1222  1.99883  -5.33175  42.1222  568.492  254.848
2.41543  -5.62794  44.4102  2.41543  -5.62794  44.4102  574.765  255.124
3.56516  -5.97707  47.2197  3.56516  -5.97707  47.2197  596.059  256.244
3.79028  -5.97285  47.1695  3.79028  -5.97285  47.1695  601.281  256.367
-2.51323  -3.85658  30.3204  -2.51323  -3.85658  30.3204  433.712  247.879
-2.01527  -3.63576  28.4726  -2.01527  -3.63576  28.4726  448.659  247.408
-2.05263  -4.03835  31.7886  -2.05263  -4.03835  31.7886  452.891  248.993
-1.51393  -4.46191  35.1219  -1.51393  -4.46191  35.1219  474.26  250.283
0.927711  -5.05918  40.2425  0.927711  -5.05918  40.2425  543.155  254.721
1.00989  -4.83919  38.3568  1.00989  -4.83919  38.3568  547.85  254.172
3.40518  -5.9645  47.5009  3.40518  -5.9645  47.5009  591.812  257.211
-2.59589  -3.45606  27.3622  -2.59589  -3.45606  27.3622  422.716  247.797
-1.92357  -4.18026  33.113  -1.92357  -4.18026  33.113  459.088  250.319
-1.26502  -4.67905  37.1928  -1.26502  -4.67905  37.1928  482.922  252.221
-0.558395  -4.72351  37.6081  -0.558395  -4.72351  37.6081  503.544  253.197
0.712998  -4.72981  37.8154  0.712998  -4.72981  37.8154  540.042  255.021
1.19295  -4.70653  37.4466  1.19295  -4.70653  37.4466  554.432  254.794
1.88033  -5.25561  42.1816  1.88033  -5.25561  42.1816  565.292  256.888
2.54367  -5.22447  41.7154  2.54367  -5.22447  41.7154  583.261  256.748
3.2834  -5.94227  47.7053  3.2834  -5.94227  47.7053  588.624  258.198
4.31415  -6.27727  50.4789  4.31415  -6.27727  50.4789  605.21  259.181
-2.8264  -5.99755  48.5783  -2.8264  -5.99755  48.5783  452.034  254.851
-1.042  -4.6034  36.861  -1.042  -4.6034  36.861  489.342  253.396
