<?xml version="1.0"?>
<opencv_storage>
<Pmats0 type_id="opencv-matrix">
  <rows>3</rows>
  <cols>4</cols>
  <dt>d</dt>
  <data>
    9.9925506580173740e-001 -2.8476597240010740e-002
    2.6046053044488315e-002 9.8434105231756397e-001
    2.8334480840248893e-002 9.9958161703339887e-001
    5.8093101491928402e-003 -1.0213991476815318e-001
    -2.6200585204908200e-002 -5.0669812044411913e-003
    9.9964386410180817e-001 -1.4366673426198895e-001</data></Pmats0>
<Pmats1 type_id="opencv-matrix">
  <rows>3</rows>
  <cols>4</cols>
  <dt>d</dt>
  <data>
    1. 0. 0. 0. 0. 1. 0. 0. 0. 0. 1. 0.</data></Pmats1>
<Pmats2 type_id="opencv-matrix">
  <rows>3</rows>
  <cols>4</cols>
  <dt>d</dt>
  <data>
    9.9728378185355471e-001 -7.3455597409801177e-002
    -5.4160558565027198e-003 8.8834377742679393e-001
    7.3590169526275256e-002 9.9679300148415328e-001
    3.1435634895875544e-002 -7.4029025645551805e-002
    3.0895632321762409e-003 -3.1748817322570150e-002
    9.9949110411131348e-001 -9.5519588117534227e-001</data></Pmats2>
<Pmats3 type_id="opencv-matrix">
  <rows>3</rows>
  <cols>4</cols>
  <dt>d</dt>
  <data>
    9.9917953796739090e-001 -3.7144299717605370e-002
    -1.6141620295373069e-002 7.0595998688201644e-001
    3.7189604946723645e-002 9.9930506109241712e-001
    2.5155832300227457e-003 -3.3229246248558053e-002
    1.6036963277937841e-002 -3.1138197714775844e-003
    9.9986655106331701e-001 -1.2268635597113686e+000</data></Pmats3>
<Pmats4 type_id="opencv-matrix">
  <rows>3</rows>
  <cols>4</cols>
  <dt>d</dt>
  <data>
    9.9925467148420200e-001 -3.4618857513181209e-002
    -1.7077359909588322e-002 5.3756462073683975e-001
    3.4586662764291912e-002 9.9939933114854596e-001
    -2.1770757148380283e-003 2.3952011882088176e-002
    1.7142469945392945e-002 1.5848041901293383e-003
    9.9985180107846494e-001 -1.0533464585946035e+000</data></Pmats4>
</opencv_storage>
