7
0.999255  -0.0284766  0.0260461  0.984341  0.0283345  0.999582  0.00580931  -0.10214  -0.0262006  -0.00506698  0.999644  -0.143667  
1  0  0  0  0  1  0  0  0  0  1  0  
0.997284  -0.0734556  -0.00541606  0.888344  0.0735902  0.996793  0.0314356  -0.074029  0.00308956  -0.0317488  0.999491  -0.955196  
0.99918  -0.0371443  -0.0161416  0.70596  0.0371896  0.999305  0.00251558  -0.0332292  0.016037  -0.00311382  0.999867  -1.22686  
0.999255  -0.0346189  -0.0170774  0.537565  0.0345867  0.999399  -0.00217708  0.023952  0.0171425  0.0015848  0.999852  -1.05335  
0.999501  -0.0293181  -0.0117775  0.330938  0.0290511  0.999331  -0.0222314  0.131505  0.0124214  0.0218782  0.999683  -1.16953  
0.999874  -0.0132405  -0.00872474  0.236517  0.0132198  0.99991  -0.00242922  0.144617  0.00875611  0.00231357  0.999959  -0.50879  
